1 0.03515625 0.21145833333333333 0.0078125 0.03333333333333333
1 0.04453125 0.19895833333333332 0.0046875 0.020833333333333332
1 0.0734375 0.14791666666666667 0.00625 0.03333333333333333
1 0.078125 0.15 0.009375 0.034375
1 0.15078125 0.13229166666666667 0.0078125 0.027083333333333334
1 0.153125 0.12604166666666666 0.00625 0.027083333333333334
1 0.32890625 0.059375 0.0046875 0.025
1 0.33125 0.05416666666666667 0.00625 0.027083333333333334
1 0.37890625 0.075 0.0046875 0.025
1 0.4078125 0.1125 0.003125 0.028125
1 0.41171875 0.1125 0.0046875 0.025
1 0.07421875 0.434375 0.0109375 0.05
1 0.08203125 0.42916666666666664 0.0109375 0.05
1 0.09765625 0.4354166666666667 0.0140625 0.040625
1 0.08984375 0.4197916666666667 0.0078125 0.041666666666666664
1 0.459375 0.7979166666666667 0.009375 0.06041666666666667
1 0.446875 0.8052083333333333 0.0125 0.06041666666666667
1 0.44609375 0.7895833333333333 0.0140625 0.058333333333333334
1 0.45390625 0.5145833333333333 0.0078125 0.041666666666666664
1 0.8046875 0.5166666666666667 0.009375 0.041666666666666664
1 0.75 0.43854166666666666 0.009375 0.035416666666666666
1 0.9640625 0.5520833333333334 0.0125 0.041666666666666664
1 0.68828125 0.30833333333333335 0.0078125 0.027083333333333334
1 0.690625 0.3177083333333333 0.00625 0.020833333333333332
1 0.7859375 0.2864583333333333 0.00625 0.035416666666666666
1 0.828125 0.28541666666666665 0.00625 0.025
1 0.465625 0.24479166666666666 0.00625 0.022916666666666665