1 0.028125 0.42083333333333334 0.0125 0.04791666666666667
1 0.0546875 0.478125 0.0125 0.046875
1 0.07734375 0.49583333333333335 0.0109375 0.04583333333333333
1 0.3 0.20208333333333334 0.00625 0.027083333333333334
1 0.29375 0.2 0.009375 0.028125
1 0.3265625 0.22083333333333333 0.00625 0.034375
1 0.334375 0.22083333333333333 0.00625 0.029166666666666667
1 0.3421875 0.22291666666666668 0.00625 0.03333333333333333
1 0.3484375 0.22395833333333334 0.00625 0.029166666666666667
1 0.3609375 0.19791666666666666 0.009375 0.03333333333333333
1 0.3546875 0.21458333333333332 0.00625 0.03333333333333333
1 0.4 0.036458333333333336 0.00625 0.014583333333333334
1 0.4203125 0.07604166666666666 0.00625 0.022916666666666665
1 0.425 0.07395833333333333 0.00625 0.020833333333333332
1 0.6328125 0.07291666666666667 0.00625 0.01875
1 0.6390625 0.10833333333333334 0.00625 0.016666666666666666
1 0.6390625 0.103125 0.00625 0.021875
1 0.71328125 0.48541666666666666 0.0109375 0.028125
1 0.71171875 0.478125 0.0109375 0.0375