1 0.596875 0.8895833333333333 0.0125 0.058333333333333334
1 0.60625 0.8916666666666667 0.009375 0.06041666666666667
1 0.62109375 0.890625 0.0171875 0.05
1 0.6390625 0.90625 0.015625 0.0375
1 0.6453125 0.5708333333333333 0.00625 0.035416666666666666
1 0.36015625 0.6083333333333333 0.0078125 0.0375
1 0.15546875 0.6145833333333334 0.0078125 0.0375
1 0.140625 0.6177083333333333 0.00625 0.03333333333333333
1 0.14375 0.6104166666666667 0.00625 0.035416666666666666
1 0.4546875 0.46979166666666666 0.00625 0.016666666666666666
1 0.46015625 0.46979166666666666 0.0046875 0.016666666666666666
1 0.48671875 0.6020833333333333 0.0078125 0.027083333333333334
1 0.265625 0.690625 0.009375 0.041666666666666664
1 0.275 0.6895833333333333 0.009375 0.041666666666666664
1 0.56484375 0.4739583333333333 0.0046875 0.022916666666666665
1 0.6609375 0.609375 0.00625 0.025
1 0.6578125 0.603125 0.00625 0.029166666666666667
1 0.2703125 0.8854166666666666 0.015625 0.05416666666666667