1 0.88828125 0.8364583333333333 0.0140625 0.052083333333333336
1 0.66640625 0.9583333333333334 0.0171875 0.06458333333333334
1 0.665625 0.9177083333333333 0.015625 0.06458333333333334
1 0.675 0.7614583333333333 0.0125 0.052083333333333336
1 0.8421875 0.7645833333333333 0.0125 0.04583333333333333
1 0.85390625 0.7666666666666667 0.0109375 0.040625
1 0.86875 0.6395833333333333 0.009375 0.0375
1 0.8796875 0.63125 0.0125 0.0375
1 0.4953125 0.7583333333333333 0.0125 0.03958333333333333
1 0.48828125 0.75625 0.0140625 0.046875
1 0.53828125 0.6197916666666666 0.0109375 0.03958333333333333
1 0.55078125 0.571875 0.0078125 0.0375
1 0.48515625 0.4583333333333333 0.0078125 0.021875
1 0.475 0.3645833333333333 0.00625 0.020833333333333332
1 0.29375 0.6666666666666666 0.0125 0.040625