1 0.3078125 0.5427083333333333 0.0375 0.014583333333333334
1 0.31171875 0.525 0.040625 0.020833333333333332
1 0.590625 0.7072916666666667 0.021875 0.010416666666666666
1 0.57421875 0.896875 0.021875 0.010416666666666666
1 0.5734375 0.9010416666666666 0.021875 0.010416666666666666
1 0.56171875 0.93125 0.0265625 0.008333333333333333
1 0.5734375 0.9395833333333333 0.021875 0.008333333333333333
1 0.53359375 0.036458333333333336 0.040625 0.01875
1 0.52421875 0.021875 0.0296875 0.010416666666666666
1 0.49765625 0.014583333333333334 0.034375 0.020833333333333332
1 0.609375 0.065625 0.034375 0.010416666666666666
1 0.65625 0.73125 0.0234375 0.008333333333333333
1 0.65546875 0.7239583333333334 0.0171875 0.00625
1 0.63984375 0.7510416666666667 0.03125 0.010416666666666666
1 0.6296875 0.8010416666666667 0.0296875 0.014583333333333334
1 0.63671875 0.33541666666666664 0.0203125 0.0125
1 0.7296875 0.025 0.015625 0.020833333333333332