1 0.47734375 0.09479166666666666 0.0046875 0.016666666666666666
1 0.48125 0.11979166666666667 0.003125 0.016666666666666666
1 0.4734375 0.12708333333333333 0.003125 0.01875
1 0.4890625 0.15625 0.003125 0.01875
1 0.4828125 0.15625 0.00625 0.021875
1 0.4953125 0.15833333333333333 0.00625 0.01875
1 0.509375 0.23958333333333334 0.00625 0.021875
1 0.49453125 0.21458333333333332 0.0046875 0.020833333333333332
1 0.6296875 0.3458333333333333 0.00625 0.027083333333333334
1 0.63671875 0.3375 0.0078125 0.025
1 0.56015625 0.7229166666666667 0.0078125 0.041666666666666664
1 0.53203125 0.5666666666666667 0.0078125 0.03958333333333333
1 0.54375 0.6270833333333333 0.00625 0.029166666666666667
1 0.5390625 0.61875 0.00625 0.021875
1 0.5203125 0.8833333333333333 0.015625 0.034375
1 0.5203125 0.8729166666666667 0.0125 0.022916666666666665
1 0.42578125 0.7416666666666667 0.0109375 0.041666666666666664
1 0.42734375 0.728125 0.0109375 0.028125
1 0.4328125 0.578125 0.009375 0.03125
1 0.30625 0.5520833333333334 0.009375 0.03958333333333333
1 0.20625 0.90625 0.0125 0.04375
1 0.5015625 0.49375 0.009375 0.025
1 0.5109375 0.415625 0.00625 0.01875
1 0.5109375 0.41041666666666665 0.00625 0.021875
1 0.4984375 0.34791666666666665 0.00625 0.015625
1 0.5015625 0.35 0.00625 0.0125
1 0.68046875 0.8458333333333333 0.0078125 0.034375
1 0.6875 0.8635416666666667 0.009375 0.027083333333333334
1 0.57890625 0.20625 0.0046875 0.021875
1 0.57421875 0.20208333333333334 0.0046875 0.021875
1 0.5890625 0.140625 0.00625 0.015625