1 0.5125 0.24479166666666666 0.00625 0.016666666666666666
1 0.49765625 0.19375 0.0046875 0.01875
1 0.45390625 0.36041666666666666 0.0078125 0.041666666666666664
1 0.4640625 0.371875 0.009375 0.03125
1 0.50625 0.31666666666666665 0.009375 0.027083333333333334
1 0.409375 0.24791666666666667 0.00625 0.025
1 0.7515625 0.37916666666666665 0.009375 0.04375
1 0.728125 0.37083333333333335 0.009375 0.04375
1 0.7578125 0.371875 0.0125 0.034375
1 0.77421875 0.37083333333333335 0.0078125 0.022916666666666665
1 0.77265625 0.3625 0.0109375 0.021875
1 0.73828125 0.44375 0.0078125 0.03125
1 0.7703125 0.45 0.009375 0.046875
1 0.81796875 0.5666666666666667 0.0140625 0.05
1 0.8421875 0.5666666666666667 0.015625 0.04375
1 0.828125 0.56875 0.0125 0.04375
1 0.903125 0.48854166666666665 0.0125 0.06041666666666667
1 0.90390625 0.7020833333333333 0.0171875 0.05625
1 0.95390625 0.78125 0.0421875 0.059375
1 0.9515625 0.7666666666666667 0.0375 0.05625
1 0.26875 0.6635416666666667 0.01875 0.07291666666666667
1 0.28203125 0.5541666666666667 0.0203125 0.05625