1 0.5875 0.9177083333333333 0.025 0.07916666666666666
1 0.59375 0.659375 0.01875 0.05625
1 0.2265625 0.5270833333333333 0.01875 0.04375
1 0.284375 0.5239583333333333 0.01875 0.052083333333333336
1 0.328125 0.4552083333333333 0.0125 0.03333333333333333
1 0.36953125 0.45625 0.0140625 0.034375
1 0.33125 0.434375 0.009375 0.03125
1 0.5375 0.41041666666666665 0.009375 0.028125
1 0.58125 0.415625 0.015625 0.021875
1 0.6078125 0.43645833333333334 0.009375 0.029166666666666667
1 0.6046875 0.42916666666666664 0.009375 0.034375
1 0.55546875 0.34375 0.0046875 0.015625
1 0.54375 0.30833333333333335 0.003125 0.01875
1 0.55546875 0.32708333333333334 0.0046875 0.020833333333333332
1 0.56484375 0.30416666666666664 0.0046875 0.020833333333333332
1 0.36484375 0.359375 0.0109375 0.034375
1 0.390625 0.35 0.00625 0.03125