1 0.1640625 0.21041666666666667 0.065625 0.029166666666666667
1 0.5109375 0.76875 0.04375 0.020833333333333332
1 0.6578125 0.7677083333333333 0.0328125 0.01875
1 0.78125 0.7645833333333333 0.021875 0.0125
1 0.82734375 0.70625 0.021875 0.008333333333333333
1 0.82578125 0.7020833333333333 0.021875 0.008333333333333333
1 0.7421875 0.5208333333333334 0.03125 0.0125
1 0.721875 0.60625 0.0375 0.0125
1 0.7109375 0.5729166666666666 0.0375 0.0125
1 0.709375 0.5572916666666666 0.034375 0.010416666666666666
1 0.71171875 0.5416666666666666 0.03125 0.0125
1 0.721875 0.55 0.03125 0.0125
1 0.7203125 0.5635416666666667 0.028125 0.010416666666666666