1 0.9359375 0.30416666666666664 0.015625 0.041666666666666664
1 0.86953125 0.27291666666666664 0.0109375 0.03958333333333333
1 0.8265625 0.25104166666666666 0.01875 0.052083333333333336
1 0.38359375 0.721875 0.0296875 0.1125
1 0.79375 0.36041666666666666 0.0125 0.03125
1 0.72109375 0.6135416666666667 0.0234375 0.07083333333333333
1 0.62890625 0.6354166666666666 0.0234375 0.065625
1 0.26171875 0.5927083333333333 0.0203125 0.058333333333333334
1 0.26875 0.5916666666666667 0.028125 0.078125
1 0.0359375 0.5583333333333333 0.03125 0.0625
1 0.32421875 0.303125 0.0109375 0.03125
1 0.36328125 0.32083333333333336 0.0140625 0.029166666666666667
1 0.1875 0.271875 0.009375 0.025
1 0.2171875 0.26145833333333335 0.009375 0.016666666666666666