1 0.7921875 0.37083333333333335 0.04375 0.016666666666666666
1 0.79375 0.35833333333333334 0.0453125 0.0125
1 0.79296875 0.3385416666666667 0.0375 0.022916666666666665
1 0.8046875 0.3145833333333333 0.028125 0.020833333333333332
1 0.553125 0.30625 0.0265625 0.008333333333333333
1 0.58125 0.6864583333333333 0.028125 0.010416666666666666
1 0.5859375 0.959375 0.028125 0.010416666666666666
1 0.58828125 0.9791666666666666 0.025 0.008333333333333333
1 0.5828125 0.975 0.0265625 0.008333333333333333
1 0.47734375 0.5604166666666667 0.0125 0.008333333333333333
1 0.47734375 0.553125 0.0125 0.00625
1 0.5765625 0.5177083333333333 0.0203125 0.010416666666666666
1 0.64296875 0.8125 0.03125 0.0125
1 0.6421875 0.8 0.03125 0.0125
1 0.48046875 0.41354166666666664 0.0171875 0.00625
1 0.58203125 0.28541666666666665 0.01875 0.008333333333333333
1 0.57734375 0.28958333333333336 0.021875 0.008333333333333333
1 0.7890625 0.80625 0.040625 0.020833333333333332