1 0.1171875 0.17708333333333334 0.0125 0.041666666666666664
1 0.12734375 0.175 0.0109375 0.05
1 0.678125 0.21666666666666667 0.009375 0.041666666666666664
1 0.790625 0.334375 0.015625 0.04583333333333333
1 0.940625 0.8145833333333333 0.025 0.07916666666666666
1 0.7421875 0.8239583333333333 0.01875 0.07083333333333333
1 0.46875 0.07916666666666666 0.00625 0.025
1 0.0703125 0.07291666666666667 0.009375 0.035416666666666666
1 0.2265625 0.13854166666666667 0.009375 0.022916666666666665
1 0.86328125 0.24479166666666666 0.0140625 0.035416666666666666
1 0.821875 0.23854166666666668 0.009375 0.04791666666666667
1 0.79921875 0.25833333333333336 0.0109375 0.03333333333333333
1 0.74453125 0.22395833333333334 0.0109375 0.03958333333333333
1 0.6328125 0.10625 0.00625 0.03333333333333333
1 0.65 0.109375 0.00625 0.03333333333333333
1 0.640625 0.11041666666666666 0.00625 0.03125
1 0.54765625 0.057291666666666664 0.0078125 0.029166666666666667
1 0.78203125 0.06666666666666667 0.0078125 0.041666666666666664