1 0.25625 0.9947916666666666 0.0375 0.010416666666666666
1 0.2875 0.2625 0.03125 0.0125
1 0.37578125 0.1125 0.034375 0.020833333333333332
1 0.74296875 0.17708333333333334 0.053125 0.025
1 0.184375 0.5416666666666666 0.01875 0.008333333333333333
1 0.22890625 0.8645833333333334 0.0171875 0.0125
1 0.30859375 0.015625 0.0265625 0.01875
1 0.30390625 0.07083333333333333 0.0359375 0.0125
1 0.31875 0.10104166666666667 0.025 0.014583333333333334
1 0.29296875 0.17395833333333333 0.0296875 0.014583333333333334
1 0.2046875 0.3229166666666667 0.025 0.008333333333333333
1 0.20703125 0.3 0.025 0.008333333333333333
1 0.2078125 0.3125 0.0234375 0.008333333333333333
1 0.16796875 0.43645833333333334 0.021875 0.010416666666666666
1 0.175 0.12395833333333334 0.03125 0.010416666666666666