1 0.8890625 0.5552083333333333 0.021875 0.07083333333333333
1 0.76171875 0.46145833333333336 0.0140625 0.058333333333333334
1 0.0578125 0.6302083333333334 0.01875 0.06666666666666667
1 0.37734375 0.3260416666666667 0.0109375 0.052083333333333336
1 0.16875 0.14583333333333334 0.009375 0.035416666666666666
1 0.16015625 0.15416666666666667 0.0078125 0.03958333333333333
1 0.0484375 0.10833333333333334 0.009375 0.01875
1 0.57890625 0.37083333333333335 0.0140625 0.05
1 0.5765625 0.3614583333333333 0.00625 0.020833333333333332
1 0.50625 0.171875 0.00625 0.028125
1 0.6640625 0.23958333333333334 0.009375 0.03125
1 0.8390625 0.4239583333333333 0.009375 0.041666666666666664
1 0.83359375 0.40208333333333335 0.0109375 0.041666666666666664
1 0.83125 0.36041666666666666 0.015625 0.058333333333333334
1 0.85078125 0.378125 0.0109375 0.053125
1 0.796875 0.26666666666666666 0.0125 0.041666666666666664
1 0.8234375 0.303125 0.0125 0.046875
1 0.83515625 0.2947916666666667 0.0078125 0.03333333333333333
1 0.03125 0.9239583333333333 0.034375 0.11458333333333333