1 0.1671875 0.5072916666666667 0.04375 0.022916666666666665
1 0.1890625 0.3458333333333333 0.040625 0.020833333333333332
1 0.16953125 0.23541666666666666 0.0421875 0.016666666666666666
1 0.1890625 0.153125 0.0453125 0.022916666666666665
1 0.34765625 0.421875 0.0234375 0.014583333333333334
1 0.3515625 0.4239583333333333 0.028125 0.01875
1 0.253125 0.023958333333333335 0.040625 0.01875
1 0.2703125 0.05 0.0328125 0.016666666666666666
1 0.2609375 0.075 0.0328125 0.0125
1 0.26875 0.06875 0.03125 0.016666666666666666
1 0.35859375 0.625 0.0265625 0.0125
1 0.43828125 0.6333333333333333 0.015625 0.0125
1 0.28359375 0.8958333333333334 0.034375 0.0125
1 0.3171875 0.8729166666666667 0.025 0.016666666666666666
1 0.384375 0.8385416666666666 0.0296875 0.014583333333333334
1 0.478125 0.34375 0.0171875 0.0125
1 0.4984375 0.5270833333333333 0.01875 0.008333333333333333
1 0.50390625 0.5729166666666666 0.015625 0.008333333333333333
1 0.5046875 0.6020833333333333 0.015625 0.008333333333333333
1 0.5046875 0.6125 0.021875 0.0125