1 0.5421875 0.33541666666666664 0.0125 0.04583333333333333
1 0.5390625 0.22708333333333333 0.0125 0.0375
1 0.51328125 0.21666666666666667 0.0109375 0.04583333333333333
1 0.51875 0.20833333333333334 0.009375 0.03958333333333333
1 0.46484375 0.01875 0.0078125 0.034375
1 0.40703125 0.56875 0.0109375 0.04375
1 0.40703125 0.5625 0.0109375 0.046875
1 0.2875 0.12083333333333333 0.009375 0.04583333333333333
1 0.334375 0.04583333333333333 0.00625 0.035416666666666666
1 0.3390625 0.03958333333333333 0.00625 0.03125
1 0.31171875 0.010416666666666666 0.0109375 0.020833333333333332