1 0.27265625 0.24583333333333332 0.0078125 0.03333333333333333
1 0.278125 0.24583333333333332 0.00625 0.03333333333333333
1 0.28828125 0.30625 0.0078125 0.0375
1 0.31171875 0.2791666666666667 0.0078125 0.028125
1 0.29609375 0.33645833333333336 0.0078125 0.035416666666666666
1 0.315625 0.33125 0.00625 0.034375
1 0.3125 0.32708333333333334 0.00625 0.03958333333333333
1 0.409375 0.146875 0.00625 0.021875
1 0.46328125 0.11875 0.0046875 0.015625
1 0.50234375 0.165625 0.0046875 0.021875
1 0.57578125 0.14583333333333334 0.0046875 0.020833333333333332
1 0.57890625 0.14583333333333334 0.0046875 0.020833333333333332
1 0.59453125 0.18645833333333334 0.0046875 0.027083333333333334
1 0.58984375 0.18958333333333333 0.0046875 0.027083333333333334
1 0.59921875 0.18958333333333333 0.0046875 0.021875
1 0.603125 0.19375 0.00625 0.025
1 0.6 0.18541666666666667 0.003125 0.025
1 0.54375 0.18229166666666666 0.00625 0.020833333333333332
1 0.5375 0.22083333333333333 0.00625 0.021875
1 0.5375 0.22083333333333333 0.00625 0.021875
1 0.68203125 0.225 0.0046875 0.025
1 0.68515625 0.22604166666666667 0.0046875 0.027083333333333334
1 0.73046875 0.25416666666666665 0.0046875 0.03125
1 0.74375 0.3104166666666667 0.00625 0.025
1 0.7453125 0.30104166666666665 0.00625 0.029166666666666667
1 0.66875 0.37916666666666665 0.009375 0.03958333333333333
1 0.75 0.3958333333333333 0.009375 0.028125
1 0.75625 0.3958333333333333 0.009375 0.03125
1 0.74296875 0.38958333333333334 0.0078125 0.035416666666666666
1 0.7203125 0.5135416666666667 0.0125 0.041666666666666664
1 0.82421875 0.5416666666666666 0.0109375 0.05
1 0.82734375 0.5291666666666667 0.0109375 0.052083333333333336
1 0.97109375 0.6145833333333334 0.0140625 0.06458333333333334
1 0.98828125 0.6135416666666667 0.0140625 0.06041666666666667
1 0.7109375 0.8052083333333333 0.015625 0.07916666666666666
1 0.72890625 0.8229166666666666 0.0265625 0.08125
1 0.7484375 0.828125 0.01875 0.078125
1 0.7390625 0.8552083333333333 0.01875 0.08541666666666667