1 0.3203125 0.7135416666666666 0.009375 0.04583333333333333
1 0.3390625 0.6916666666666667 0.00625 0.03958333333333333
1 0.4890625 0.5145833333333333 0.003125 0.008333333333333333
1 0.4921875 0.5260416666666666 0.003125 0.014583333333333334
1 0.51796875 0.6583333333333333 0.0078125 0.020833333333333332
1 0.5390625 0.6708333333333333 0.00625 0.020833333333333332
1 0.76875 0.8302083333333333 0.009375 0.04791666666666667
1 0.7609375 0.7895833333333333 0.009375 0.041666666666666664
1 0.75 0.7833333333333333 0.00625 0.035416666666666666
1 0.64453125 0.64375 0.0046875 0.029166666666666667
1 0.57109375 0.5489583333333333 0.0046875 0.014583333333333334
1 0.5828125 0.5395833333333333 0.003125 0.01875
1 0.63046875 0.5145833333333333 0.0015625 0.0125