1 0.6203125 0.31979166666666664 0.0375 0.014583333333333334
1 0.715625 0.690625 0.0421875 0.01875
1 0.5078125 0.5895833333333333 0.021875 0.0125
1 0.3609375 0.60625 0.015625 0.008333333333333333
1 0.32421875 0.5958333333333333 0.0140625 0.004166666666666667
1 0.315625 0.5791666666666667 0.0109375 0.004166666666666667
1 0.2765625 0.5489583333333333 0.0109375 0.00625
1 0.3125 0.465625 0.009375 0.00625
1 0.34375 0.4375 0.0140625 0.004166666666666667
1 0.3453125 0.428125 0.009375 0.00625
1 0.315625 0.5458333333333333 0.0125 0.004166666666666667