1 0.94296875 0.49583333333333335 0.0171875 0.058333333333333334
1 0.965625 0.478125 0.01875 0.065625
1 0.96796875 0.49895833333333334 0.0234375 0.06458333333333334
1 0.990625 0.48541666666666666 0.01875 0.035416666666666666
1 0.9890625 0.528125 0.015625 0.05625
1 0.98046875 0.5520833333333334 0.0171875 0.05625
1 0.971875 0.5760416666666667 0.01875 0.06041666666666667
1 0.971875 0.6145833333333334 0.03125 0.027083333333333334
1 0.9078125 0.6010416666666667 0.01875 0.06666666666666667
1 0.92265625 0.5645833333333333 0.0203125 0.03958333333333333
1 0.9171875 0.5458333333333333 0.01875 0.028125
1 0.93828125 0.5395833333333333 0.0140625 0.029166666666666667
1 0.88515625 0.5427083333333333 0.0171875 0.06041666666666667
1 0.91328125 0.515625 0.0265625 0.0625
1 0.89921875 0.509375 0.0234375 0.04375
1 0.890625 0.5 0.01875 0.034375
1 0.890625 0.46458333333333335 0.015625 0.035416666666666666
1 0.86640625 0.465625 0.0171875 0.059375
1 0.821875 0.43854166666666666 0.015625 0.058333333333333334
1 0.7984375 0.43125 0.0125 0.05625
1 0.7859375 0.4354166666666667 0.015625 0.06041666666666667
1 0.7875 0.384375 0.0125 0.05625
1 0.75625 0.37916666666666665 0.015625 0.053125
1 0.77109375 0.35104166666666664 0.0109375 0.04791666666666667
1 0.7828125 0.34791666666666665 0.009375 0.052083333333333336
1 0.796875 0.35833333333333334 0.0125 0.053125
1 0.809375 0.3541666666666667 0.0125 0.05
1 0.8234375 0.36770833333333336 0.0125 0.041666666666666664
1 0.8265625 0.359375 0.0125 0.05625
1 0.78046875 0.48541666666666666 0.0171875 0.03958333333333333
1 0.73828125 0.15208333333333332 0.0078125 0.03125
1 0.18203125 0.7125 0.0203125 0.059375
1 0.0734375 0.5760416666666667 0.025 0.05416666666666667
1 0.10625 0.553125 0.01875 0.065625
1 0.13828125 0.5541666666666667 0.0140625 0.065625
1 0.1609375 0.5458333333333333 0.01875 0.06458333333333334
1 0.1453125 0.49375 0.01875 0.0625
1 0.09609375 0.4979166666666667 0.0234375 0.046875
1 0.115625 0.4791666666666667 0.01875 0.041666666666666664
1 0.1328125 0.48020833333333335 0.015625 0.041666666666666664
1 0.1578125 0.48333333333333334 0.015625 0.0375
1 0.1734375 0.48020833333333335 0.015625 0.035416666666666666
1 0.1890625 0.475 0.01875 0.040625
1 0.215625 0.4666666666666667 0.01875 0.04375
1 0.196875 0.44583333333333336 0.0125 0.029166666666666667
1 0.25 0.421875 0.015625 0.034375
1 0.2578125 0.4166666666666667 0.01875 0.034375
1 0.2625 0.4083333333333333 0.015625 0.035416666666666666
1 0.28125 0.378125 0.015625 0.053125
1 0.3109375 0.3885416666666667 0.0125 0.058333333333333334
1 0.1875 0.375 0.0125 0.059375
1 0.1765625 0.33125 0.0125 0.040625
1 0.04765625 0.43125 0.0171875 0.034375
1 0.0671875 0.43333333333333335 0.009375 0.010416666666666666
1 0.08359375 0.42291666666666666 0.0203125 0.034375
1 0.0828125 0.38958333333333334 0.015625 0.03125
1 0.31171875 0.21666666666666667 0.0078125 0.0375
1 0.328125 0.22708333333333333 0.009375 0.052083333333333336
1 0.33984375 0.22916666666666666 0.0078125 0.046875
1 0.3328125 0.221875 0.00625 0.05
1 0.44453125 0.07604166666666666 0.0046875 0.029166666666666667
1 0.4515625 0.07083333333333333 0.00625 0.01875
1 0.4859375 0.04479166666666667 0.00625 0.022916666666666665
1 0.49453125 0.06145833333333333 0.0078125 0.029166666666666667