1 0.50546875 0.94375 0.0171875 0.059375
1 0.384375 0.9145833333333333 0.015625 0.05416666666666667
1 0.3015625 0.940625 0.0125 0.05625
1 0.23984375 0.9145833333333333 0.0171875 0.06041666666666667
1 0.44140625 0.703125 0.0109375 0.03125
1 0.44296875 0.6979166666666666 0.0140625 0.0375
1 0.14296875 0.8291666666666667 0.0140625 0.05416666666666667
1 0.1625 0.80625 0.0125 0.04375
1 0.18125 0.81875 0.009375 0.04375
1 0.1765625 0.8083333333333333 0.0125 0.041666666666666664
1 0.59375 0.6885416666666667 0.009375 0.035416666666666666
1 0.6 0.5822916666666667 0.009375 0.020833333333333332
1 0.796875 0.7885416666666667 0.009375 0.04583333333333333
1 0.7796875 0.74375 0.0125 0.034375
1 0.75390625 0.6541666666666667 0.0109375 0.03958333333333333
1 0.3828125 0.5291666666666667 0.009375 0.022916666666666665
1 0.5203125 0.5020833333333333 0.00625 0.025
1 0.5546875 0.4947916666666667 0.00625 0.020833333333333332
1 0.5765625 0.49375 0.00625 0.021875
1 0.584375 0.49375 0.009375 0.028125