1 0.53203125 0.75625 0.0109375 0.05
1 0.51875 0.7510416666666667 0.015625 0.05416666666666667
1 0.65546875 0.37916666666666665 0.0078125 0.029166666666666667
1 0.79765625 0.4010416666666667 0.0078125 0.029166666666666667
1 0.80078125 0.40208333333333335 0.0078125 0.029166666666666667
1 0.8234375 0.41770833333333335 0.00625 0.035416666666666666
1 0.8296875 0.40208333333333335 0.00625 0.029166666666666667
1 0.05703125 0.5947916666666667 0.0171875 0.03958333333333333
1 0.0484375 0.5989583333333334 0.009375 0.035416666666666666
1 0.97265625 0.5083333333333333 0.0109375 0.058333333333333334
1 0.96640625 0.5010416666666667 0.0109375 0.04791666666666667
1 0.15234375 0.4552083333333333 0.0140625 0.05416666666666667
1 0.14140625 0.46770833333333334 0.0078125 0.03958333333333333
1 0.1359375 0.503125 0.015625 0.046875
1 0.1203125 0.4666666666666667 0.0125 0.052083333333333336
1 0.115625 0.35208333333333336 0.009375 0.03958333333333333
1 0.17421875 0.3541666666666667 0.0078125 0.046875
1 0.6734375 0.2916666666666667 0.00625 0.03125
1 0.66796875 0.29270833333333335 0.0046875 0.022916666666666665
1 0.68828125 0.31354166666666666 0.0078125 0.041666666666666664
1 0.72578125 0.32708333333333334 0.0109375 0.03958333333333333
1 0.3765625 0.3177083333333333 0.009375 0.027083333333333334
1 0.97265625 0.35 0.0078125 0.028125
1 0.14375 0.19375 0.015625 0.021875