1 0.19609375 0.5302083333333333 0.0125 0.00625
1 0.21484375 0.525 0.0125 0.004166666666666667
1 0.2203125 0.5354166666666667 0.0140625 0.004166666666666667
1 0.2421875 0.5145833333333333 0.0140625 0.004166666666666667
1 0.2421875 0.5229166666666667 0.015625 0.008333333333333333
1 0.24375 0.50625 0.0140625 0.008333333333333333
1 0.3046875 0.4875 0.015625 0.008333333333333333
1 0.2859375 0.5072916666666667 0.015625 0.00625
1 0.384375 0.32708333333333334 0.0203125 0.008333333333333333
1 0.378125 0.3177083333333333 0.01875 0.010416666666666666
1 0.6671875 0.4197916666666667 0.03125 0.010416666666666666
1 0.55 0.45729166666666665 0.0296875 0.010416666666666666
1 0.5953125 0.44166666666666665 0.021875 0.008333333333333333
1 0.5890625 0.4479166666666667 0.015625 0.008333333333333333
1 0.7875 0.47291666666666665 0.025 0.020833333333333332
1 0.7796875 0.47291666666666665 0.0171875 0.016666666666666666
1 0.68125 0.5989583333333334 0.03125 0.014583333333333334
1 0.67109375 0.596875 0.021875 0.014583333333333334
1 0.55859375 0.5895833333333333 0.0234375 0.0125
1 0.5390625 0.7583333333333333 0.0296875 0.0125
1 0.8046875 0.8916666666666667 0.0328125 0.016666666666666666
1 0.4953125 0.4979166666666667 0.01875 0.0125
1 0.43671875 0.48541666666666666 0.0140625 0.008333333333333333
1 0.4328125 0.48541666666666666 0.015625 0.008333333333333333
1 0.3859375 0.5020833333333333 0.0125 0.008333333333333333
1 0.3875 0.4979166666666667 0.009375 0.008333333333333333
1 0.759375 0.259375 0.025 0.010416666666666666
1 0.77265625 0.25 0.0203125 0.0125
1 0.2796875 0.39479166666666665 0.015625 0.00625
1 0.2765625 0.4010416666666667 0.015625 0.00625
1 0.23046875 0.38125 0.0125 0.008333333333333333