1 0.84453125 0.19791666666666666 0.05 0.03333333333333333
1 0.8546875 0.14166666666666666 0.040625 0.016666666666666666
1 0.80390625 0.25416666666666665 0.025 0.020833333333333332
1 0.82265625 0.24791666666666667 0.04375 0.016666666666666666
1 0.815625 0.23645833333333333 0.0375 0.014583333333333334
1 0.7765625 0.4427083333333333 0.028125 0.01875
1 0.70078125 0.525 0.0265625 0.016666666666666666
1 0.590625 0.5260416666666666 0.025 0.014583333333333334
1 0.5953125 0.5260416666666666 0.015625 0.010416666666666666
1 0.5625 0.49583333333333335 0.0234375 0.0125
1 0.4234375 0.5395833333333333 0.015625 0.008333333333333333
1 0.4140625 0.5260416666666666 0.0125 0.010416666666666666
1 0.409375 0.60625 0.015625 0.008333333333333333
1 0.40625 0.625 0.01875 0.008333333333333333
1 0.409375 0.6447916666666667 0.0171875 0.010416666666666666
1 0.6796875 0.759375 0.028125 0.014583333333333334
1 0.73125 0.7625 0.0296875 0.020833333333333332
1 0.85234375 0.8385416666666666 0.034375 0.027083333333333334
1 0.2890625 0.5979166666666667 0.0125 0.004166666666666667
1 0.253125 0.5875 0.0109375 0.004166666666666667
1 0.2296875 0.5791666666666667 0.0078125 0.004166666666666667
1 0.4265625 0.5395833333333333 0.0125 0.008333333333333333
1 0.6421875 0.09375 0.0359375 0.016666666666666666
1 0.41171875 0.4395833333333333 0.0171875 0.008333333333333333