1 0.309375 0.5895833333333333 0.0515625 0.025
1 0.1875 0.7677083333333333 0.040625 0.027083333333333334
1 0.209375 0.7802083333333333 0.03125 0.022916666666666665
1 0.1609375 0.803125 0.0296875 0.022916666666666665
1 0.17578125 0.803125 0.025 0.027083333333333334
1 0.18984375 0.80625 0.03125 0.025
1 0.14296875 0.809375 0.0359375 0.03125
1 0.14765625 0.8333333333333334 0.0453125 0.020833333333333332
1 0.140625 0.8447916666666667 0.03125 0.01875
1 0.16875 0.8520833333333333 0.0546875 0.020833333333333332
1 0.21640625 0.9489583333333333 0.053125 0.022916666666666665
1 0.234375 0.9708333333333333 0.05625 0.020833333333333332
1 0.253125 0.9239583333333333 0.0546875 0.022916666666666665
1 0.25625 0.88125 0.053125 0.025
1 0.2359375 0.8322916666666667 0.05625 0.022916666666666665
1 0.3015625 0.7916666666666666 0.0296875 0.025
1 0.35078125 0.8083333333333333 0.0453125 0.025
1 0.34375 0.8229166666666666 0.0265625 0.016666666666666666
1 0.3046875 0.8875 0.0296875 0.020833333333333332
1 0.33359375 0.9322916666666666 0.04375 0.022916666666666665
1 0.34765625 0.9583333333333334 0.028125 0.016666666666666666
1 0.3515625 0.9395833333333333 0.04375 0.020833333333333332
1 0.37109375 0.9322916666666666 0.04375 0.022916666666666665
1 0.38125 0.9427083333333334 0.04375 0.01875
1 0.32421875 0.99375 0.0453125 0.0125
1 0.3109375 0.9958333333333333 0.05 0.008333333333333333
1 0.40546875 0.878125 0.040625 0.01875
1 0.42421875 0.9 0.04375 0.025
1 0.43125 0.8895833333333333 0.04375 0.0125
1 0.434375 0.9510416666666667 0.034375 0.014583333333333334
1 0.4359375 0.9291666666666667 0.0296875 0.016666666666666666
1 0.446875 0.8916666666666667 0.040625 0.016666666666666666
1 0.43984375 0.896875 0.04375 0.014583333333333334
1 0.45078125 0.95 0.034375 0.016666666666666666
1 0.47265625 0.95 0.03125 0.020833333333333332
1 0.425 0.08020833333333334 0.0421875 0.022916666666666665
1 0.5921875 0.575 0.03125 0.0125
1 0.6859375 0.9802083333333333 0.015625 0.010416666666666666
1 0.74765625 0.8875 0.0171875 0.008333333333333333
1 0.6453125 0.5 0.01875 0.008333333333333333
1 0.64296875 0.49166666666666664 0.01875 0.008333333333333333
1 0.6421875 0.4822916666666667 0.0125 0.010416666666666666
1 0.6390625 0.453125 0.0296875 0.010416666666666666
1 0.6421875 0.43333333333333335 0.0203125 0.0125
1 0.64765625 0.4166666666666667 0.01875 0.0125
1 0.65078125 0.40625 0.0171875 0.008333333333333333
1 0.6578125 0.390625 0.015625 0.010416666666666666
1 0.66328125 0.3854166666666667 0.0171875 0.008333333333333333
1 0.66953125 0.3645833333333333 0.0203125 0.0125
1 0.68046875 0.38333333333333336 0.021875 0.008333333333333333
1 0.68203125 0.371875 0.0171875 0.010416666666666666
1 0.684375 0.4083333333333333 0.021875 0.008333333333333333
1 0.69375 0.4114583333333333 0.01875 0.010416666666666666
1 0.6984375 0.4197916666666667 0.0140625 0.010416666666666666
1 0.6359375 0.36041666666666666 0.0328125 0.0125
1 0.6484375 0.35520833333333335 0.0296875 0.010416666666666666
1 0.6515625 0.35 0.0265625 0.008333333333333333
1 0.64296875 0.3333333333333333 0.028125 0.008333333333333333
1 0.6296875 0.28020833333333334 0.03125 0.010416666666666666
1 0.65234375 0.3072916666666667 0.0234375 0.010416666666666666
1 0.65546875 0.28125 0.0296875 0.0125
1 0.65703125 0.23333333333333334 0.03125 0.0125
1 0.66171875 0.24270833333333333 0.028125 0.010416666666666666
1 0.67109375 0.24270833333333333 0.025 0.010416666666666666
1 0.67890625 0.184375 0.0125 0.010416666666666666
1 0.625 0.15625 0.03125 0.016666666666666666
1 0.7140625 0.21666666666666667 0.0265625 0.008333333333333333
1 0.7140625 0.18333333333333332 0.028125 0.008333333333333333
1 0.76796875 0.15833333333333333 0.025 0.008333333333333333
1 0.7921875 0.14583333333333334 0.0203125 0.008333333333333333
1 0.82265625 0.15208333333333332 0.015625 0.008333333333333333
1 0.8125 0.21666666666666667 0.0109375 0.008333333333333333
1 0.83359375 0.11458333333333333 0.0171875 0.008333333333333333
1 0.825 0.10833333333333334 0.0203125 0.008333333333333333
1 0.77890625 0.10520833333333333 0.021875 0.010416666666666666
1 0.84375 0.065625 0.01875 0.00625
1 0.84375 0.053125 0.015625 0.00625
1 0.85 0.058333333333333334 0.015625 0.008333333333333333
1 0.86171875 0.042708333333333334 0.0171875 0.00625
1 0.86171875 0.04895833333333333 0.0171875 0.00625
1 0.60625 0.121875 0.0234375 0.014583333333333334