1 0.61484375 0.7177083333333333 0.04375 0.014583333333333334
1 0.6140625 0.7489583333333333 0.0453125 0.014583333333333334
1 0.61796875 0.7614583333333333 0.0359375 0.010416666666666666
1 0.834375 0.6885416666666667 0.053125 0.01875
1 0.4015625 0.653125 0.03125 0.014583333333333334
1 0.2890625 0.6166666666666667 0.021875 0.008333333333333333
1 0.23125 0.6229166666666667 0.015625 0.008333333333333333
1 0.2265625 0.6166666666666667 0.01875 0.008333333333333333
1 0.2265625 0.6145833333333334 0.015625 0.008333333333333333
1 0.19765625 0.61875 0.015625 0.008333333333333333
1 0.20078125 0.6260416666666667 0.0203125 0.00625
1 0.13046875 0.534375 0.0109375 0.00625
1 0.22265625 0.5083333333333333 0.015625 0.008333333333333333
1 0.20546875 0.49375 0.0171875 0.008333333333333333
1 0.20625 0.490625 0.0171875 0.00625
1 0.21171875 0.48333333333333334 0.021875 0.008333333333333333
1 0.23125 0.4875 0.0203125 0.008333333333333333
1 0.2328125 0.475 0.01875 0.008333333333333333
1 0.4265625 0.4666666666666667 0.03125 0.0125
1 0.45390625 0.425 0.034375 0.008333333333333333
1 0.553125 0.43333333333333335 0.040625 0.016666666666666666
1 0.51640625 0.39166666666666666 0.03125 0.0125
1 0.5328125 0.35833333333333334 0.040625 0.008333333333333333
1 0.62734375 0.25416666666666665 0.05 0.016666666666666666
1 0.62578125 0.246875 0.0453125 0.01875
1 0.821875 0.2833333333333333 0.040625 0.016666666666666666