1 0.2765625 0.7666666666666667 0.0203125 0.008333333333333333
1 0.275 0.775 0.021875 0.0125
1 0.290625 0.73125 0.025 0.008333333333333333
1 0.290625 0.7208333333333333 0.021875 0.008333333333333333
1 0.2921875 0.7104166666666667 0.025 0.008333333333333333
1 0.29296875 0.7020833333333333 0.021875 0.008333333333333333
1 0.2734375 0.6854166666666667 0.025 0.0125
1 0.2859375 0.69375 0.025 0.008333333333333333
1 0.15234375 0.6333333333333333 0.0109375 0.008333333333333333
1 0.18203125 0.60625 0.0171875 0.008333333333333333
1 0.18046875 0.6 0.015625 0.008333333333333333
1 0.1796875 0.3229166666666667 0.0140625 0.008333333333333333
1 0.20625 0.3145833333333333 0.0125 0.008333333333333333
1 0.20234375 0.3145833333333333 0.015625 0.008333333333333333
1 0.4890625 0.215625 0.021875 0.014583333333333334
1 0.48359375 0.21770833333333334 0.028125 0.014583333333333334