1 0.55078125 0.946875 0.0203125 0.05625
1 0.55078125 0.5520833333333334 0.0109375 0.025
1 0.55 0.5729166666666666 0.0125 0.029166666666666667
1 0.67265625 0.38229166666666664 0.0109375 0.04583333333333333
1 0.690625 0.21458333333333332 0.00625 0.029166666666666667
1 0.70390625 0.39166666666666666 0.0109375 0.04375
1 0.61640625 0.25833333333333336 0.0078125 0.025
1 0.52890625 0.09791666666666667 0.0078125 0.027083333333333334
1 0.303125 0.3885416666666667 0.009375 0.03333333333333333
1 0.31875 0.2864583333333333 0.009375 0.035416666666666666
1 0.3640625 0.22916666666666666 0.009375 0.029166666666666667
1 0.3640625 0.1875 0.00625 0.029166666666666667
1 0.38125 0.13854166666666667 0.00625 0.014583333333333334
1 0.4015625 0.06145833333333333 0.00625 0.014583333333333334
1 0.2234375 0.2791666666666667 0.0125 0.029166666666666667
1 0.2703125 0.16875 0.009375 0.029166666666666667
1 0.21875 0.17395833333333333 0.009375 0.027083333333333334
1 0.115625 0.171875 0.009375 0.025
1 0.1578125 0.19791666666666666 0.009375 0.03333333333333333
1 0.25546875 0.25104166666666666 0.0078125 0.03958333333333333
1 0.47109375 0.03958333333333333 0.0046875 0.020833333333333332
1 0.521875 0.03958333333333333 0.003125 0.010416666666666666
1 0.35625 0.08958333333333333 0.00625 0.010416666666666666