1 0.77578125 0.034375 0.0203125 0.010416666666666666
1 0.78046875 0.0375 0.0203125 0.008333333333333333
1 0.83046875 0.271875 0.01875 0.00625
1 0.834375 0.275 0.0203125 0.008333333333333333
1 0.81875 0.3385416666666667 0.01875 0.00625
1 0.790625 0.3770833333333333 0.021875 0.004166666666666667
1 0.790625 0.38229166666666664 0.01875 0.00625
1 0.2765625 0.44583333333333336 0.0453125 0.0125
1 0.27109375 0.42916666666666664 0.0453125 0.016666666666666666
1 0.2828125 0.428125 0.04375 0.01875
1 0.4890625 0.43854166666666666 0.03125 0.010416666666666666
1 0.4875 0.90625 0.03125 0.0125
1 0.54609375 0.8333333333333334 0.0265625 0.0125
1 0.64375 0.7510416666666667 0.0203125 0.010416666666666666
1 0.63671875 0.7541666666666667 0.015625 0.008333333333333333
1 0.66015625 0.88125 0.0265625 0.008333333333333333
1 0.6609375 0.9375 0.01875 0.008333333333333333
1 0.69140625 0.45416666666666666 0.0171875 0.008333333333333333