1 0.69140625 0.5166666666666667 0.0125 0.008333333333333333
1 0.7296875 0.496875 0.0140625 0.00625
1 0.6046875 0.43854166666666666 0.03125 0.010416666666666666
1 0.59609375 0.45208333333333334 0.0234375 0.0125
1 0.6375 0.5083333333333333 0.0203125 0.0125
1 0.6890625 0.37916666666666665 0.01875 0.008333333333333333
1 0.590625 0.8354166666666667 0.0328125 0.0125
1 0.596875 0.8041666666666667 0.0328125 0.0125
1 0.59609375 0.84375 0.025 0.016666666666666666
1 0.596875 0.865625 0.0171875 0.010416666666666666
1 0.603125 0.8635416666666667 0.015625 0.014583333333333334
1 0.5421875 0.8177083333333334 0.0234375 0.010416666666666666
1 0.5375 0.8604166666666667 0.034375 0.0125
1 0.45 0.9239583333333333 0.0375 0.01875
1 0.45 0.95625 0.0328125 0.020833333333333332
1 0.4484375 0.9375 0.0328125 0.016666666666666666
1 0.37734375 0.19166666666666668 0.0546875 0.025
1 0.459375 0.209375 0.0421875 0.027083333333333334