1 0.60625 0.6416666666666667 0.015625 0.06458333333333334
1 0.3765625 0.26875 0.0125 0.04583333333333333
1 0.34375 0.026041666666666668 0.00625 0.03333333333333333
1 0.39921875 0.3145833333333333 0.0078125 0.04375
1 0.4046875 0.29791666666666666 0.009375 0.03958333333333333
1 0.4171875 0.31875 0.0125 0.04583333333333333
1 0.42890625 0.3145833333333333 0.0109375 0.04791666666666667
1 0.415625 0.29583333333333334 0.00625 0.03333333333333333
1 0.45703125 0.303125 0.0078125 0.05625
1 0.51328125 0.29375 0.0109375 0.04375
1 0.49765625 0.203125 0.0109375 0.0375
1 0.6578125 0.06875 0.00625 0.01875
1 0.65546875 0.06458333333333334 0.0078125 0.025
1 0.5859375 0.3020833333333333 0.009375 0.03958333333333333
1 0.590625 0.30104166666666665 0.009375 0.041666666666666664
1 0.53828125 0.07604166666666666 0.0078125 0.027083333333333334