1 0.6921875 0.45729166666666665 0.0375 0.014583333333333334
1 0.68828125 0.475 0.040625 0.020833333333333332
1 0.409375 0.29270833333333335 0.021875 0.010416666666666666
1 0.42578125 0.103125 0.021875 0.010416666666666666
1 0.4265625 0.09895833333333333 0.021875 0.010416666666666666
1 0.43828125 0.06875 0.0265625 0.008333333333333333
1 0.4265625 0.06041666666666667 0.021875 0.008333333333333333
1 0.46640625 0.9635416666666666 0.040625 0.01875
1 0.47578125 0.978125 0.0296875 0.010416666666666666
1 0.50234375 0.9854166666666667 0.034375 0.020833333333333332
1 0.390625 0.934375 0.034375 0.010416666666666666
1 0.34375 0.26875 0.0234375 0.008333333333333333
1 0.34453125 0.2760416666666667 0.0171875 0.00625
1 0.36015625 0.24895833333333334 0.03125 0.010416666666666666
1 0.3703125 0.19895833333333332 0.0296875 0.014583333333333334
1 0.36328125 0.6645833333333333 0.0203125 0.0125
1 0.2703125 0.975 0.015625 0.020833333333333332