1 0.33671875 0.653125 0.0109375 0.059375
1 0.31328125 0.6520833333333333 0.0109375 0.06041666666666667
1 0.30390625 0.6572916666666667 0.0078125 0.04791666666666667
1 0.35859375 0.9458333333333333 0.0140625 0.071875
1 0.38515625 0.36875 0.0109375 0.040625
1 0.4125 0.21875 0.00625 0.028125
1 0.4078125 0.14166666666666666 0.00625 0.020833333333333332
1 0.4125 0.13541666666666666 0.00625 0.025
1 0.4140625 0.13541666666666666 0.00625 0.021875
1 0.4109375 0.096875 0.00625 0.021875
1 0.40546875 0.10104166666666667 0.0046875 0.027083333333333334
1 0.47421875 0.007291666666666667 0.0046875 0.014583333333333334
1 0.49375 0.13020833333333334 0.00625 0.020833333333333332
1 0.5046875 0.10729166666666666 0.00625 0.022916666666666665
1 0.50703125 0.10833333333333334 0.0046875 0.022916666666666665
1 0.5125 0.115625 0.00625 0.028125
1 0.509375 0.14166666666666666 0.00625 0.027083333333333334
1 0.51875 0.14375 0.00625 0.025
1 0.525 0.40208333333333335 0.009375 0.041666666666666664
1 0.55625 0.43854166666666666 0.00625 0.04583333333333333
1 0.55 0.5708333333333333 0.0125 0.05416666666666667
1 0.58125 0.521875 0.009375 0.040625
1 0.60625 0.54375 0.00625 0.053125
1 0.684375 0.6697916666666667 0.0125 0.06666666666666667
1 0.68984375 0.6677083333333333 0.0140625 0.06041666666666667
1 0.6625 0.9291666666666667 0.0125 0.05416666666666667