1 0.840625 0.042708333333333334 0.046875 0.027083333333333334
1 0.85078125 0.026041666666666668 0.03125 0.022916666666666665
1 0.40703125 0.22916666666666666 0.025 0.0125
1 0.46796875 0.25104166666666666 0.0203125 0.014583333333333334
1 0.42578125 0.2833333333333333 0.015625 0.008333333333333333
1 0.409375 0.26666666666666666 0.0234375 0.008333333333333333
1 0.34296875 0.05625 0.01875 0.008333333333333333
1 0.48984375 0.303125 0.025 0.014583333333333334
1 0.5 0.3375 0.021875 0.016666666666666666
1 0.45859375 0.38229166666666664 0.03125 0.014583333333333334
1 0.36328125 0.20729166666666668 0.021875 0.010416666666666666
1 0.3640625 0.21666666666666667 0.015625 0.008333333333333333
1 0.35078125 0.32395833333333335 0.021875 0.00625
1 0.3484375 0.35833333333333334 0.0203125 0.008333333333333333
1 0.3484375 0.36666666666666664 0.021875 0.008333333333333333
1 0.34921875 0.390625 0.0203125 0.00625
1 0.346875 0.403125 0.0203125 0.00625
1 0.346875 0.40625 0.021875 0.008333333333333333
1 0.4265625 0.38229166666666664 0.0234375 0.014583333333333334
1 0.4125 0.496875 0.025 0.00625
1 0.41171875 0.5010416666666667 0.0203125 0.00625
1 0.4234375 0.5083333333333333 0.0296875 0.0125
1 0.371875 0.6291666666666667 0.021875 0.008333333333333333
1 0.4296875 0.759375 0.0328125 0.010416666666666666
1 0.428125 0.7677083333333333 0.0265625 0.010416666666666666