1 0.3796875 0.6802083333333333 0.0375 0.014583333333333334
1 0.284375 0.309375 0.0421875 0.01875
1 0.4921875 0.41041666666666665 0.021875 0.0125
1 0.6390625 0.39375 0.015625 0.008333333333333333
1 0.67578125 0.4041666666666667 0.0140625 0.004166666666666667
1 0.684375 0.42083333333333334 0.0109375 0.004166666666666667
1 0.7234375 0.4510416666666667 0.0109375 0.00625
1 0.6875 0.534375 0.009375 0.00625
1 0.65625 0.5625 0.0140625 0.004166666666666667
1 0.6546875 0.571875 0.009375 0.00625
1 0.684375 0.45416666666666666 0.0125 0.004166666666666667