1 0.7265625 0.959375 0.025 0.065625
1 0.76875 0.9729166666666667 0.0125 0.05416666666666667
1 0.684375 0.9052083333333333 0.015625 0.03333333333333333
1 0.6890625 0.9302083333333333 0.0125 0.058333333333333334
1 0.69765625 0.9208333333333333 0.0109375 0.05
1 0.54296875 0.86875 0.0140625 0.0375
1 0.48125 0.7677083333333333 0.0125 0.035416666666666666
1 0.48046875 0.6208333333333333 0.0109375 0.034375
1 0.48046875 0.6270833333333333 0.0078125 0.021875
1 0.503125 0.5833333333333334 0.009375 0.03125
1 0.4703125 0.39791666666666664 0.00625 0.021875
1 0.48046875 0.3854166666666667 0.0078125 0.015625
1 0.4203125 0.37916666666666665 0.00625 0.020833333333333332
1 0.40625 0.375 0.00625 0.025
1 0.39140625 0.37916666666666665 0.0078125 0.022916666666666665
1 0.30546875 0.7395833333333334 0.0109375 0.0375
1 0.303125 0.8083333333333333 0.015625 0.03958333333333333
1 0.24609375 0.9697916666666667 0.0203125 0.04583333333333333
1 0.4265625 0.21875 0.003125 0.015625
1 0.434375 0.17083333333333334 0.003125 0.014583333333333334
1 0.440625 0.13958333333333334 0.003125 0.010416666666666666
1 0.4703125 0.40208333333333335 0.00625 0.015625
1 0.8046875 0.6895833333333333 0.0125 0.04791666666666667
1 0.5453125 0.38229166666666664 0.00625 0.022916666666666665