1 0.15546875 0.3489583333333333 0.0609375 0.01875
1 0.1875 0.071875 0.0671875 0.035416666666666666
1 0.3671875 0.8375 0.05 0.025
1 0.7546875 0.8 0.0125 0.008333333333333333
1 0.7265625 0.6885416666666667 0.0171875 0.00625
1 0.71875 0.678125 0.01875 0.00625
1 0.759375 0.6291666666666667 0.0078125 0.008333333333333333
1 0.7265625 0.5552083333333333 0.015625 0.00625
1 0.778125 0.5802083333333333 0.0125 0.00625
1 0.77734375 0.575 0.0125 0.004166666666666667
1 0.7625 0.55 0.0125 0.004166666666666667
1 0.7828125 0.559375 0.009375 0.00625
1 0.77265625 0.49166666666666664 0.015625 0.004166666666666667
1 0.77265625 0.49166666666666664 0.0125 0.004166666666666667
1 0.78671875 0.5125 0.0109375 0.004166666666666667
1 0.66328125 0.13229166666666667 0.0296875 0.010416666666666666
1 0.78984375 0.12916666666666668 0.015625 0.004166666666666667
1 0.721875 0.171875 0.0203125 0.00625
1 0.72265625 0.16354166666666667 0.015625 0.00625
1 0.7296875 0.11458333333333333 0.021875 0.008333333333333333
1 0.72890625 0.14895833333333333 0.0171875 0.010416666666666666
1 0.7265625 0.19583333333333333 0.01875 0.008333333333333333
1 0.70859375 0.22291666666666668 0.025 0.008333333333333333
1 0.73671875 0.23958333333333334 0.015625 0.008333333333333333
1 0.734375 0.22395833333333334 0.01875 0.00625
1 0.740625 0.36875 0.015625 0.008333333333333333
1 0.77421875 0.25 0.0140625 0.004166666666666667
1 0.7734375 0.2520833333333333 0.0125 0.004166666666666667
1 0.74453125 0.278125 0.0171875 0.00625
1 0.74453125 0.2760416666666667 0.0171875 0.00625
1 0.74921875 0.26458333333333334 0.015625 0.008333333333333333