1 0.70234375 0.17708333333333334 0.0046875 0.021875
1 0.7328125 0.33645833333333336 0.00625 0.029166666666666667
1 0.73203125 0.315625 0.0078125 0.034375
1 0.690625 0.48541666666666666 0.009375 0.05
1 0.66875 0.39166666666666666 0.009375 0.03958333333333333
1 0.7046875 0.4791666666666667 0.009375 0.053125
1 0.4796875 0.26458333333333334 0.00625 0.028125
1 0.2328125 0.43020833333333336 0.009375 0.04583333333333333
1 0.240625 0.4354166666666667 0.009375 0.05
1 0.18828125 0.45416666666666666 0.0078125 0.053125
1 0.33359375 0.246875 0.0046875 0.028125
1 0.3375 0.24583333333333332 0.00625 0.029166666666666667
1 0.3234375 0.225 0.00625 0.025
1 0.33671875 0.27708333333333335 0.0078125 0.022916666666666665
1 0.45 0.15 0.00625 0.0125
1 0.5171875 0.11041666666666666 0.003125 0.009375
1 0.69921875 0.14791666666666667 0.0046875 0.016666666666666666
1 0.69921875 0.1375 0.0046875 0.015625
1 0.35 0.69375 0.021875 0.0625
1 0.34296875 0.5020833333333333 0.0140625 0.041666666666666664
1 0.38046875 0.3729166666666667 0.0109375 0.041666666666666664
1 0.575 0.12916666666666668 0.003125 0.0125
1 0.6421875 0.25833333333333336 0.00625 0.021875
1 0.85625 0.4708333333333333 0.009375 0.041666666666666664
1 0.84765625 0.46041666666666664 0.0109375 0.05
1 0.86796875 0.46770833333333334 0.0078125 0.035416666666666666
1 0.88359375 0.46458333333333335 0.0109375 0.035416666666666666
1 0.85859375 0.453125 0.0078125 0.034375
1 0.8671875 0.44583333333333336 0.00625 0.034375