1 0.63515625 0.6604166666666667 0.0109375 0.05
1 0.35703125 0.7875 0.0140625 0.05625
1 0.4328125 0.5104166666666666 0.009375 0.029166666666666667
1 0.4203125 0.3145833333333333 0.00625 0.020833333333333332
1 0.428125 0.265625 0.003125 0.01875
1 0.440625 0.25416666666666665 0.003125 0.014583333333333334
1 0.46328125 0.20208333333333334 0.0046875 0.014583333333333334
1 0.52578125 0.25 0.0046875 0.0125
1 0.546875 0.2916666666666667 0.003125 0.01875
1 0.55390625 0.29375 0.0046875 0.0125
1 0.465625 0.25416666666666665 0.003125 0.015625