1 0.3296875 0.007291666666666667 0.0296875 0.014583333333333334
1 0.31328125 0.06458333333333334 0.0390625 0.025
1 0.66640625 0.6552083333333333 0.084375 0.03958333333333333
1 0.3953125 0.10833333333333334 0.0234375 0.016666666666666666
1 0.58515625 0.20520833333333333 0.053125 0.03125
1 0.6015625 0.328125 0.05 0.03125
1 0.56953125 0.8177083333333334 0.04375 0.027083333333333334
1 0.56875 0.8083333333333333 0.059375 0.0375
1 0.35234375 0.734375 0.0234375 0.014583333333333334
1 0.365625 0.6822916666666666 0.021875 0.01875
1 0.32890625 0.9166666666666666 0.01875 0.0125
1 0.32109375 0.8770833333333333 0.0125 0.0125