1 0.18671875 0.6166666666666667 0.059375 0.03333333333333333
1 0.38046875 0.625 0.0421875 0.025
1 0.4796875 0.13541666666666666 0.0328125 0.025
1 0.48203125 0.2125 0.0390625 0.025
1 0.53359375 0.2708333333333333 0.025 0.016666666666666666
1 0.5328125 0.3260416666666667 0.025 0.01875
1 0.54921875 0.275 0.0234375 0.0125
1 0.5671875 0.55 0.021875 0.0125
1 0.56328125 0.6083333333333333 0.015625 0.020833333333333332
1 0.54765625 0.64375 0.021875 0.0125
1 0.553125 0.6395833333333333 0.025 0.0125
1 0.6171875 0.5739583333333333 0.0125 0.00625
1 0.64375 0.5583333333333333 0.0140625 0.004166666666666667
1 0.6296875 0.5739583333333333 0.015625 0.00625
1 0.646875 0.5864583333333333 0.015625 0.00625
1 0.60546875 0.31979166666666664 0.025 0.014583333333333334
1 0.6125 0.3541666666666667 0.0234375 0.008333333333333333