1 0.25703125 0.5541666666666667 0.0140625 0.05
1 0.09453125 0.65 0.0109375 0.040625
1 0.09765625 0.6791666666666667 0.0203125 0.04791666666666667
1 0.390625 0.5354166666666667 0.0125 0.029166666666666667
1 0.35625 0.49375 0.009375 0.034375
1 0.3765625 0.49583333333333335 0.009375 0.03125
1 0.359375 0.471875 0.009375 0.03125
1 0.3828125 0.47604166666666664 0.0125 0.03333333333333333
1 0.3734375 0.41041666666666665 0.0125 0.03125
1 0.43046875 0.41041666666666665 0.0078125 0.03125
1 0.440625 0.40208333333333335 0.009375 0.025
1 0.49140625 0.49895833333333334 0.0109375 0.029166666666666667
1 0.4859375 0.53125 0.009375 0.034375
1 0.5171875 0.5520833333333334 0.0125 0.029166666666666667
1 0.53125 0.48333333333333334 0.0125 0.035416666666666666
1 0.58046875 0.4666666666666667 0.0078125 0.035416666666666666
1 0.65234375 0.590625 0.0109375 0.059375
1 0.59609375 0.5854166666666667 0.0078125 0.04375
1 0.6 0.5875 0.0125 0.040625
1 0.56796875 0.6458333333333334 0.0109375 0.04583333333333333
1 0.55 0.6708333333333333 0.0125 0.034375
1 0.7203125 0.9447916666666667 0.025 0.05416666666666667
1 0.6484375 0.75625 0.021875 0.05625
1 0.82265625 0.8260416666666667 0.0265625 0.052083333333333336
1 0.8375 0.8708333333333333 0.025 0.078125
1 0.8203125 0.825 0.0125 0.053125
1 0.94921875 0.8041666666666667 0.0203125 0.07083333333333333
1 0.2828125 0.5 0.009375 0.0375
1 0.33984375 0.44583333333333336 0.0109375 0.03333333333333333
1 0.478125 0.425 0.009375 0.03125
1 0.49453125 0.42916666666666664 0.0078125 0.041666666666666664
1 0.48359375 0.4479166666666667 0.0078125 0.0375
1 0.78046875 0.46458333333333335 0.0109375 0.028125
1 0.403125 0.340625 0.00625 0.01875
1 0.4078125 0.36041666666666666 0.00625 0.021875
1 0.41875 0.3541666666666667 0.00625 0.025
1 0.440625 0.3614583333333333 0.009375 0.035416666666666666
1 0.47421875 0.371875 0.0078125 0.03125
1 0.4609375 0.35625 0.00625 0.03125
1 0.45234375 0.3697916666666667 0.0078125 0.016666666666666666
1 0.453125 0.35520833333333335 0.00625 0.020833333333333332