1 0.803125 0.022916666666666665 0.0296875 0.0125
1 0.81015625 0.005208333333333333 0.0265625 0.010416666666666666
1 0.8015625 0.003125 0.0125 0.00625
1 0.39140625 0.21458333333333332 0.08125 0.058333333333333334
1 0.22578125 0.984375 0.0796875 0.03125
1 0.4078125 0.7166666666666667 0.071875 0.0375
1 0.80546875 0.875 0.0203125 0.008333333333333333
1 0.80703125 0.8864583333333333 0.025 0.010416666666666666
1 0.80703125 0.915625 0.025 0.010416666666666666
1 0.80078125 0.7302083333333333 0.0265625 0.010416666666666666
1 0.81328125 0.7229166666666667 0.021875 0.008333333333333333
1 0.853125 0.565625 0.01875 0.010416666666666666
1 0.85390625 0.5635416666666667 0.01875 0.010416666666666666
1 0.759375 0.66875 0.0203125 0.016666666666666666