1 0.08671875 0.6895833333333333 0.0203125 0.06666666666666667
1 0.06875 0.69375 0.021875 0.0625
1 0.05546875 0.675 0.0234375 0.075
1 0.1875 0.6260416666666667 0.01875 0.052083333333333336
1 0.27890625 0.5916666666666667 0.0140625 0.06041666666666667
1 0.24375 0.621875 0.01875 0.0625
1 0.21875 0.5979166666666667 0.01875 0.058333333333333334
1 0.25625 0.5895833333333333 0.015625 0.058333333333333334
1 0.30703125 0.41875 0.0109375 0.05
1 0.4625 0.2708333333333333 0.009375 0.04375
1 0.453125 0.27291666666666664 0.009375 0.05416666666666667
1 0.43984375 0.2708333333333333 0.0078125 0.05625
1 0.45703125 0.2625 0.0078125 0.05416666666666667
1 0.4328125 0.44895833333333335 0.0125 0.058333333333333334
1 0.33125 0.5208333333333334 0.01875 0.041666666666666664
1 0.31171875 0.4979166666666667 0.0109375 0.029166666666666667
1 0.30390625 0.5229166666666667 0.0171875 0.03958333333333333
1 0.2875 0.5270833333333333 0.015625 0.029166666666666667
1 0.27265625 0.528125 0.0140625 0.0375
1 0.2484375 0.525 0.0125 0.0375
1 0.2328125 0.5197916666666667 0.015625 0.03958333333333333
1 0.1703125 0.4666666666666667 0.0125 0.035416666666666666
1 0.20625 0.4270833333333333 0.015625 0.03333333333333333
1 0.20546875 0.46041666666666664 0.0140625 0.03333333333333333
1 0.18984375 0.478125 0.0109375 0.03125
1 0.5828125 0.10833333333333334 0.009375 0.03125
1 0.54375 0.17395833333333333 0.00625 0.03333333333333333
1 0.93515625 0.5208333333333334 0.0140625 0.058333333333333334
1 0.97265625 0.55625 0.0140625 0.06666666666666667
1 0.9609375 0.55 0.015625 0.0625
1 0.96171875 0.53125 0.0234375 0.04583333333333333
1 0.971875 0.5260416666666666 0.0125 0.058333333333333334
1 0.9875 0.490625 0.0125 0.05625
1 0.94921875 0.4666666666666667 0.0140625 0.058333333333333334
1 0.8359375 0.165625 0.009375 0.03333333333333333
1 0.63515625 0.38958333333333334 0.0109375 0.04583333333333333
1 0.98359375 0.134375 0.0109375 0.041666666666666664