1 0.47421875 0.011458333333333333 0.04375 0.022916666666666665
1 0.45390625 0.07083333333333333 0.04375 0.020833333333333332
1 0.4484375 0.10208333333333333 0.0421875 0.016666666666666666
1 0.4515625 0.11875 0.0453125 0.020833333333333332
1 0.41328125 0.11666666666666667 0.0421875 0.016666666666666666
1 0.409375 0.15833333333333333 0.040625 0.020833333333333332
1 0.38828125 0.13854166666666667 0.0359375 0.014583333333333334
1 0.3859375 0.12291666666666666 0.0390625 0.0125
1 0.39375 0.10416666666666667 0.040625 0.016666666666666666
1 0.390625 0.0875 0.0375 0.016666666666666666
1 0.40078125 0.06875 0.03125 0.016666666666666666
1 0.39453125 0.06458333333333334 0.0421875 0.016666666666666666
1 0.4890625 0.12604166666666666 0.0296875 0.022916666666666665
1 0.2390625 0.18229166666666666 0.0234375 0.010416666666666666
1 0.659375 0.9239583333333333 0.04375 0.027083333333333334
1 0.540625 0.9822916666666667 0.05 0.01875
1 0.534375 0.9520833333333333 0.0484375 0.025
1 0.4953125 0.9729166666666667 0.046875 0.025
1 0.48515625 0.9895833333333334 0.03125 0.020833333333333332
1 0.4875 0.95625 0.028125 0.020833333333333332
1 0.48515625 0.9354166666666667 0.0265625 0.020833333333333332
1 0.48125 0.9145833333333333 0.03125 0.025
1 0.475 0.8791666666666667 0.0328125 0.025
1 0.459375 0.9041666666666667 0.021875 0.016666666666666666
1 0.44140625 0.8333333333333334 0.025 0.020833333333333332
1 0.4375 0.8229166666666666 0.025 0.025
1 0.43125 0.8166666666666667 0.0265625 0.020833333333333332
1 0.40859375 0.7916666666666666 0.040625 0.020833333333333332
1 0.41640625 0.7520833333333333 0.04375 0.016666666666666666
1 0.40625 0.9166666666666666 0.04375 0.016666666666666666
1 0.3734375 0.93125 0.03125 0.016666666666666666
1 0.2875 0.7510416666666667 0.028125 0.010416666666666666
1 0.2953125 0.7291666666666666 0.0390625 0.0125
1 0.296875 0.7135416666666666 0.034375 0.010416666666666666
1 0.29140625 0.7229166666666667 0.0375 0.008333333333333333
1 0.18203125 0.5739583333333333 0.021875 0.00625
1 0.178125 0.5645833333333333 0.0140625 0.008333333333333333
1 0.15859375 0.51875 0.0171875 0.008333333333333333
1 0.17109375 0.5072916666666667 0.021875 0.010416666666666666