1 0.6640625 0.18958333333333333 0.00625 0.03125
1 0.42890625 0.4322916666666667 0.0109375 0.041666666666666664
1 0.73046875 0.9208333333333333 0.0140625 0.06458333333333334
1 0.696875 0.8895833333333333 0.01875 0.0625
1 0.6765625 0.8979166666666667 0.01875 0.0625
1 0.13359375 0.765625 0.0171875 0.0625
1 0.3078125 0.15520833333333334 0.00625 0.027083333333333334
1 0.30625 0.13125 0.00625 0.028125
1 0.45 0.240625 0.00625 0.021875
1 0.5390625 0.33958333333333335 0.00625 0.029166666666666667
1 0.51796875 0.37395833333333334 0.0109375 0.03333333333333333