1 0.540625 0.8239583333333333 0.0375 0.01875
1 0.5265625 0.6458333333333334 0.021875 0.016666666666666666
1 0.4953125 0.6916666666666667 0.025 0.0125
1 0.496875 0.6645833333333333 0.0234375 0.0125
1 0.47890625 0.6875 0.0234375 0.0125
1 0.48203125 0.65625 0.025 0.016666666666666666
1 0.4328125 0.66875 0.0234375 0.016666666666666666
1 0.4328125 0.5927083333333333 0.0234375 0.010416666666666666
1 0.4265625 0.5791666666666667 0.01875 0.0125
1 0.49921875 0.5114583333333333 0.021875 0.014583333333333334
1 0.5234375 0.51875 0.025 0.0125
1 0.5390625 0.47708333333333336 0.021875 0.016666666666666666
1 0.4875 0.4583333333333333 0.0265625 0.016666666666666666
1 0.475 0.3927083333333333 0.0265625 0.010416666666666666
1 0.56796875 0.296875 0.04375 0.014583333333333334
1 0.5640625 0.371875 0.0328125 0.010416666666666666
1 0.565625 0.36666666666666664 0.03125 0.016666666666666666
1 0.609375 0.409375 0.034375 0.014583333333333334
1 0.628125 0.43333333333333335 0.025 0.016666666666666666
1 0.83359375 0.20625 0.040625 0.03333333333333333
1 0.6921875 0.3020833333333333 0.0421875 0.029166666666666667
1 0.74453125 0.06979166666666667 0.0390625 0.035416666666666666
1 0.778125 0.05 0.059375 0.03333333333333333
1 0.74375 0.07291666666666667 0.040625 0.016666666666666666
1 0.5 0.7895833333333333 0.028125 0.0125
1 0.459375 0.7135416666666666 0.025 0.014583333333333334
1 0.44375 0.5291666666666667 0.0234375 0.0125
1 0.446875 0.5072916666666667 0.03125 0.010416666666666666
1 0.4609375 0.521875 0.028125 0.010416666666666666
1 0.4734375 0.12604166666666666 0.021875 0.014583333333333334
1 0.38046875 0.6291666666666667 0.0140625 0.008333333333333333
1 0.3953125 0.6229166666666667 0.015625 0.008333333333333333
1 0.390625 0.6083333333333333 0.01875 0.008333333333333333
1 0.39609375 0.5791666666666667 0.0265625 0.0125
1 0.40390625 0.534375 0.0234375 0.010416666666666666
1 0.3921875 0.5520833333333334 0.0234375 0.008333333333333333
1 0.40234375 0.5635416666666667 0.0125 0.010416666666666666
1 0.39140625 0.5625 0.015625 0.008333333333333333