1 0.30859375 0.48333333333333334 0.0125 0.008333333333333333
1 0.2703125 0.503125 0.0140625 0.00625
1 0.3953125 0.5614583333333333 0.03125 0.010416666666666666
1 0.40390625 0.5479166666666667 0.0234375 0.0125
1 0.3625 0.49166666666666664 0.0203125 0.0125
1 0.3109375 0.6208333333333333 0.01875 0.008333333333333333
1 0.409375 0.16458333333333333 0.0328125 0.0125
1 0.403125 0.19583333333333333 0.0328125 0.0125
1 0.40390625 0.15625 0.025 0.016666666666666666
1 0.403125 0.134375 0.0171875 0.010416666666666666
1 0.396875 0.13645833333333332 0.015625 0.014583333333333334
1 0.4578125 0.18229166666666666 0.0234375 0.010416666666666666
1 0.4625 0.13958333333333334 0.034375 0.0125
1 0.55 0.07604166666666666 0.0375 0.01875
1 0.55 0.04375 0.0328125 0.020833333333333332
1 0.5515625 0.0625 0.0328125 0.016666666666666666
1 0.62265625 0.8083333333333333 0.0546875 0.025
1 0.540625 0.790625 0.0421875 0.027083333333333334