1 0.7421875 0.7697916666666667 0.015625 0.00625
1 0.62265625 0.8104166666666667 0.021875 0.008333333333333333
1 0.63828125 0.809375 0.025 0.010416666666666666
1 0.5109375 0.7541666666666667 0.0375 0.0125
1 0.58125 0.725 0.0296875 0.0125
1 0.515625 0.7729166666666667 0.040625 0.0125
1 0.6765625 0.47291666666666665 0.021875 0.008333333333333333
1 0.55234375 0.14375 0.034375 0.0125
1 0.5484375 0.15416666666666667 0.0375 0.0125
1 0.534375 0.084375 0.040625 0.010416666666666666
1 0.68984375 0.278125 0.021875 0.00625
1 0.690625 0.2833333333333333 0.021875 0.008333333333333333
1 0.70625 0.26458333333333334 0.01875 0.008333333333333333
1 0.6671875 0.28229166666666666 0.0171875 0.010416666666666666
1 0.7625 0.43333333333333335 0.009375 0.008333333333333333
1 0.7921875 0.5229166666666667 0.00625 0.004166666666666667
1 0.7640625 0.765625 0.0125 0.00625
1 0.771875 0.765625 0.0125 0.00625
1 0.3546875 0.3 0.046875 0.029166666666666667
1 0.4984375 0.290625 0.03125 0.01875
1 0.5953125 0.340625 0.03125 0.014583333333333334
1 0.778125 0.6 0.009375 0.004166666666666667
1 0.68125 0.6895833333333333 0.015625 0.008333333333333333
1 0.521875 0.975 0.03125 0.0125
1 0.5296875 0.9635416666666666 0.0375 0.014583333333333334
1 0.52421875 0.990625 0.0265625 0.010416666666666666
1 0.53515625 0.978125 0.025 0.010416666666666666
1 0.540625 0.9895833333333334 0.025 0.008333333333333333