1 0.2328125 0.5958333333333333 0.015625 0.05416666666666667
1 0.21640625 0.5708333333333333 0.0140625 0.05
1 0.0890625 0.7541666666666667 0.0125 0.05416666666666667
1 0.653125 0.9458333333333333 0.0125 0.065625
1 0.23671875 0.47291666666666665 0.0109375 0.04375
1 0.18515625 0.434375 0.0078125 0.046875
1 0.15859375 0.4083333333333333 0.0140625 0.040625
1 0.16171875 0.40520833333333334 0.0140625 0.041666666666666664
1 0.1703125 0.38333333333333336 0.009375 0.029166666666666667
1 0.16015625 0.3875 0.0109375 0.040625
1 0.24453125 0.5729166666666666 0.0109375 0.05416666666666667
1 0.634375 0.33229166666666665 0.009375 0.029166666666666667
1 0.6421875 0.33541666666666664 0.00625 0.029166666666666667
1 0.4453125 0.16354166666666667 0.00625 0.020833333333333332
1 0.45 0.11458333333333333 0.00625 0.021875
1 0.4578125 0.11666666666666667 0.00625 0.028125
1 0.58125 0.390625 0.009375 0.025
1 0.58046875 0.3385416666666667 0.0109375 0.029166666666666667
1 0.51875 0.3229166666666667 0.009375 0.028125
1 0.48359375 0.16458333333333333 0.0046875 0.016666666666666666
1 0.578125 0.035416666666666666 0.003125 0.014583333333333334
1 0.503125 0.025 0.003125 0.015625
1 0.50546875 0.025 0.0046875 0.01875
1 0.9921875 0.21041666666666667 0.009375 0.025