1 0.38671875 0.959375 0.0140625 0.08125
1 0.17890625 0.9166666666666666 0.0265625 0.08958333333333333
1 0.8953125 0.7114583333333333 0.025 0.07083333333333333
1 0.89375 0.36666666666666664 0.009375 0.05
1 0.92734375 0.35833333333333334 0.0109375 0.0375
1 0.753125 0.6770833333333334 0.01875 0.065625
1 0.725 0.16041666666666668 0.00625 0.015625
1 0.64140625 0.19791666666666666 0.0046875 0.022916666666666665
1 0.63359375 0.20833333333333334 0.0046875 0.025
1 0.596875 0.15416666666666667 0.00625 0.010416666666666666
1 0.54140625 0.19791666666666666 0.0046875 0.021875
1 0.56015625 0.12916666666666668 0.0046875 0.015625
1 0.55625 0.13020833333333334 0.003125 0.016666666666666666
1 0.5375 0.15 0.003125 0.015625
1 0.54453125 0.12291666666666666 0.0046875 0.0125
1 0.49375 0.13645833333333332 0.003125 0.020833333333333332
1 0.49375 0.13645833333333332 0.003125 0.016666666666666666
1 0.509375 0.11770833333333333 0.003125 0.014583333333333334
1 0.22421875 0.28229166666666666 0.0078125 0.03958333333333333
1 0.221875 0.11354166666666667 0.003125 0.020833333333333332
1 0.25390625 0.20416666666666666 0.0046875 0.027083333333333334
1 0.24765625 0.203125 0.0046875 0.021875
1 0.2109375 0.19375 0.00625 0.028125
1 0.23671875 0.19479166666666667 0.0078125 0.022916666666666665
1 0.271875 0.19791666666666666 0.00625 0.025
1 0.2921875 0.221875 0.00625 0.034375
1 0.3046875 0.184375 0.00625 0.021875
1 0.29296875 0.1875 0.0046875 0.025
1 0.4015625 0.17916666666666667 0.00625 0.020833333333333332
1 0.3125 0.134375 0.003125 0.01875
1 0.3140625 0.13541666666666666 0.003125 0.016666666666666666
1 0.33359375 0.17395833333333333 0.0046875 0.022916666666666665
1 0.33203125 0.17395833333333333 0.0046875 0.022916666666666665
1 0.3234375 0.16770833333333332 0.00625 0.020833333333333332