1 0.47265625 0.2375 0.03125 0.020833333333333332
1 0.34765625 0.215625 0.0375 0.014583333333333334
1 0.4 0.175 0.0375 0.0125
1 0.4203125 0.14375 0.040625 0.0125
1 0.34296875 0.28125 0.025 0.008333333333333333
1 0.34296875 0.275 0.0328125 0.008333333333333333
1 0.325 0.019791666666666666 0.028125 0.010416666666666666
1 0.328125 0.004166666666666667 0.025 0.008333333333333333
1 0.2828125 0.16666666666666666 0.0296875 0.0125
1 0.246875 0.19375 0.0234375 0.008333333333333333
1 0.2828125 0.15416666666666667 0.021875 0.008333333333333333
1 0.2859375 0.14583333333333334 0.0234375 0.008333333333333333
1 0.28828125 0.128125 0.025 0.010416666666666666
1 0.29453125 0.12291666666666666 0.0171875 0.008333333333333333
1 0.28515625 0.11666666666666667 0.021875 0.008333333333333333
1 0.26796875 0.07083333333333333 0.025 0.008333333333333333
1 0.26875 0.06666666666666667 0.015625 0.008333333333333333
1 0.28125 0.35 0.0171875 0.0125
1 0.21796875 0.4479166666666667 0.0203125 0.008333333333333333
1 0.75234375 0.7395833333333334 0.0390625 0.025
1 0.4 0.9854166666666667 0.0375 0.016666666666666666
1 0.39609375 0.9479166666666666 0.034375 0.016666666666666666
1 0.4 0.9572916666666667 0.025 0.010416666666666666
1 0.41640625 0.9572916666666667 0.034375 0.014583333333333334
1 0.4546875 0.9635416666666666 0.04375 0.01875
1 0.2875 0.78125 0.0265625 0.008333333333333333
1 0.296875 0.7479166666666667 0.01875 0.008333333333333333
1 0.33984375 0.63125 0.03125 0.008333333333333333
1 0.3421875 0.6125 0.028125 0.008333333333333333
1 0.265625 0.9770833333333333 0.01875 0.016666666666666666