1 0.22421875 0.965625 0.0203125 0.010416666666666666
1 0.21953125 0.9625 0.0203125 0.008333333333333333
1 0.16953125 0.728125 0.01875 0.00625
1 0.165625 0.725 0.0203125 0.008333333333333333
1 0.18125 0.6614583333333334 0.01875 0.00625
1 0.209375 0.6229166666666667 0.021875 0.004166666666666667
1 0.209375 0.6177083333333333 0.01875 0.00625
1 0.7234375 0.5541666666666667 0.0453125 0.0125
1 0.72890625 0.5708333333333333 0.0453125 0.016666666666666666
1 0.7171875 0.571875 0.04375 0.01875
1 0.5109375 0.5614583333333333 0.03125 0.010416666666666666
1 0.5125 0.09375 0.03125 0.0125
1 0.45390625 0.16666666666666666 0.0265625 0.0125
1 0.35625 0.24895833333333334 0.0203125 0.010416666666666666
1 0.36328125 0.24583333333333332 0.015625 0.008333333333333333
1 0.33984375 0.11875 0.0265625 0.008333333333333333
1 0.3390625 0.0625 0.01875 0.008333333333333333
1 0.30859375 0.5458333333333333 0.0171875 0.008333333333333333