1 0.690625 0.196875 0.025 0.010416666666666666
1 0.690625 0.20416666666666666 0.025 0.008333333333333333
1 0.6453125 0.21770833333333334 0.028125 0.010416666666666666
1 0.665625 0.24895833333333334 0.021875 0.010416666666666666
1 0.62265625 0.228125 0.0265625 0.010416666666666666
1 0.6265625 0.25416666666666665 0.025 0.008333333333333333
1 0.6296875 0.25 0.0296875 0.008333333333333333
1 0.76484375 0.37916666666666665 0.015625 0.008333333333333333
1 0.7859375 0.4510416666666667 0.0125 0.00625
1 0.75078125 0.503125 0.015625 0.00625
1 0.765625 0.6010416666666667 0.015625 0.00625
1 0.765625 0.6052083333333333 0.015625 0.00625
1 0.73515625 0.6260416666666667 0.0203125 0.00625
1 0.7328125 0.6197916666666666 0.0203125 0.00625
1 0.7328125 0.6322916666666667 0.015625 0.00625
1 0.7296875 0.6375 0.01875 0.008333333333333333
1 0.7359375 0.6333333333333333 0.01875 0.004166666666666667
1 0.73828125 0.5583333333333333 0.015625 0.008333333333333333
1 0.709375 0.55 0.015625 0.008333333333333333
1 0.709375 0.55 0.015625 0.008333333333333333
1 0.70625 0.7427083333333333 0.01875 0.00625
1 0.70546875 0.746875 0.0203125 0.00625
1 0.684375 0.8072916666666666 0.0234375 0.00625
1 0.6421875 0.825 0.01875 0.008333333333333333
1 0.64921875 0.8270833333333333 0.021875 0.008333333333333333
1 0.590625 0.725 0.0296875 0.0125
1 0.578125 0.8333333333333334 0.021875 0.0125
1 0.578125 0.8416666666666667 0.0234375 0.0125
1 0.5828125 0.8239583333333333 0.0265625 0.010416666666666666
1 0.48984375 0.79375 0.03125 0.016666666666666666
1 0.46875 0.9322916666666666 0.0375 0.014583333333333334
1 0.478125 0.9364583333333333 0.0390625 0.014583333333333334
1 0.27109375 0.78125 0.059375 0.020833333333333332
1 0.2578125 0.8052083333333333 0.0609375 0.035416666666666666
1 0.25390625 0.83125 0.059375 0.025
1 0.23359375 0.81875 0.0640625 0.025