1 0.39375 0.6416666666666667 0.0484375 0.020833333333333332
1 0.6734375 0.33541666666666664 0.034375 0.016666666666666666
1 0.85546875 0.2916666666666667 0.025 0.008333333333333333
1 0.6390625 0.365625 0.0328125 0.010416666666666666
1 0.6515625 0.3729166666666667 0.0296875 0.0125
1 0.6359375 0.38958333333333334 0.034375 0.016666666666666666
1 0.6390625 0.40520833333333334 0.0359375 0.014583333333333334
1 0.653125 0.3875 0.025 0.008333333333333333
1 0.64765625 0.4427083333333333 0.0421875 0.010416666666666666
1 0.6546875 0.5177083333333333 0.0328125 0.014583333333333334
1 0.72265625 0.496875 0.028125 0.014583333333333334
1 0.8234375 0.7104166666666667 0.0140625 0.008333333333333333
1 0.8265625 0.7072916666666667 0.01875 0.010416666666666666
1 0.6484375 0.6145833333333334 0.0296875 0.0125
1 0.64921875 0.6208333333333333 0.03125 0.0125
1 0.81796875 0.5510416666666667 0.0203125 0.010416666666666666