1 0.3765625 0.44375 0.034375 0.016666666666666666
1 0.2953125 0.4479166666666667 0.028125 0.016666666666666666
1 0.2875 0.4822916666666667 0.034375 0.014583333333333334
1 0.28125 0.475 0.0296875 0.0125
1 0.1390625 0.546875 0.025 0.010416666666666666
1 0.5515625 0.6239583333333333 0.0328125 0.014583333333333334
1 0.546875 0.6239583333333333 0.034375 0.014583333333333334
1 0.215625 0.7833333333333333 0.034375 0.0125
1 0.159375 0.7208333333333333 0.0265625 0.008333333333333333
1 0.1546875 0.7145833333333333 0.0234375 0.008333333333333333
1 0.1328125 0.7510416666666667 0.015625 0.014583333333333334