1 0.53203125 0.5333333333333333 0.0078125 0.046875
1 0.5390625 0.5333333333333333 0.009375 0.046875
1 0.3921875 0.5416666666666666 0.0125 0.04583333333333333
1 0.5578125 0.3541666666666667 0.00625 0.040625
1 0.4375 0.16979166666666667 0.00625 0.022916666666666665
1 0.428125 0.14166666666666666 0.00625 0.020833333333333332
1 0.515625 0.09479166666666666 0.00625 0.016666666666666666
1 0.49375 0.05625 0.003125 0.025
1 0.57578125 0.30625 0.0078125 0.034375
1 0.39375 0.041666666666666664 0.00625 0.025
1 0.52265625 0.7729166666666667 0.0140625 0.03958333333333333
1 0.69453125 0.64375 0.0140625 0.04375
1 0.7015625 0.659375 0.0125 0.040625
1 0.7484375 0.7072916666666667 0.015625 0.029166666666666667