1 0.23515625 0.04583333333333333 0.0078125 0.020833333333333332
1 0.24609375 0.04583333333333333 0.0078125 0.01875
1 0.2515625 0.04583333333333333 0.009375 0.016666666666666666
1 0.26328125 0.15416666666666667 0.0078125 0.034375
1 0.31953125 0.14791666666666667 0.0078125 0.03333333333333333
1 0.23828125 0.14583333333333334 0.0078125 0.034375
1 0.25078125 0.20416666666666666 0.0078125 0.03125
1 0.253125 0.19791666666666666 0.00625 0.03333333333333333
1 0.27265625 0.20208333333333334 0.0078125 0.0375
1 0.37265625 0.28541666666666665 0.0078125 0.03958333333333333
1 0.36171875 0.284375 0.0078125 0.0375
1 0.36484375 0.278125 0.0078125 0.034375
1 0.3859375 0.25833333333333336 0.009375 0.0375
1 0.3890625 0.2552083333333333 0.00625 0.03333333333333333
1 0.1796875 0.103125 0.00625 0.01875
1 0.1765625 0.11875 0.00625 0.025
1 0.171875 0.11875 0.00625 0.025
1 0.15703125 0.22291666666666668 0.0078125 0.03333333333333333
1 0.13671875 0.2916666666666667 0.0078125 0.034375
1 0.1375 0.2833333333333333 0.009375 0.03333333333333333
1 0.2625 0.3958333333333333 0.009375 0.040625
1 0.2671875 0.38125 0.009375 0.034375
1 0.25703125 0.38958333333333334 0.0078125 0.03333333333333333
1 0.3890625 0.38333333333333336 0.009375 0.040625
1 0.46875 0.41041666666666665 0.009375 0.040625
1 0.46015625 0.38645833333333335 0.0109375 0.04583333333333333
1 0.378125 0.503125 0.00625 0.04375
1 0.49140625 0.41875 0.0109375 0.0375
1 0.56328125 0.53125 0.0078125 0.040625
1 0.57578125 0.44583333333333336 0.0109375 0.04375
1 0.61640625 0.459375 0.0078125 0.040625
1 0.62734375 0.5552083333333333 0.0140625 0.03958333333333333
1 0.53203125 0.275 0.0078125 0.040625
1 0.525 0.26458333333333334 0.00625 0.03958333333333333
1 0.53046875 0.3020833333333333 0.0078125 0.041666666666666664
1 0.50859375 0.46770833333333334 0.0109375 0.035416666666666666
1 0.503125 0.46770833333333334 0.00625 0.03958333333333333
1 0.48125 0.4947916666666667 0.009375 0.029166666666666667
1 0.484375 0.4875 0.009375 0.028125
1 0.37421875 0.4895833333333333 0.0078125 0.04375
1 0.69375 0.521875 0.015625 0.040625
1 0.75234375 0.5541666666666667 0.0109375 0.022916666666666665
1 0.734375 0.5604166666666667 0.015625 0.03333333333333333
1 0.73515625 0.5416666666666666 0.0234375 0.025
1 0.72109375 0.5427083333333333 0.0109375 0.029166666666666667
1 0.7421875 0.5989583333333334 0.0125 0.027083333333333334
1 0.74375 0.6083333333333333 0.0125 0.027083333333333334
1 0.74375 0.621875 0.009375 0.028125
1 0.7453125 0.6489583333333333 0.009375 0.05416666666666667
1 0.78125 0.6260416666666667 0.0125 0.052083333333333336
1 0.84296875 0.578125 0.0109375 0.04375
1 0.81484375 0.5604166666666667 0.0109375 0.046875
1 0.80859375 0.5458333333333333 0.0171875 0.041666666666666664
1 0.8203125 0.5572916666666666 0.00625 0.029166666666666667
1 0.9015625 0.5604166666666667 0.0125 0.041666666666666664
1 0.95078125 0.453125 0.0140625 0.034375
1 0.98671875 0.46458333333333335 0.0171875 0.028125
1 0.9640625 0.46145833333333336 0.0125 0.03333333333333333
1 0.99453125 0.44583333333333336 0.0109375 0.025
1 0.90078125 0.30520833333333336 0.0140625 0.04791666666666667
1 0.88828125 0.13541666666666666 0.0078125 0.034375
1 0.81328125 0.11875 0.0078125 0.034375
1 0.825 0.109375 0.009375 0.0375
1 0.878125 0.08125 0.009375 0.034375
1 0.8234375 0.030208333333333334 0.009375 0.029166666666666667
1 0.76875 0.04791666666666667 0.00625 0.029166666666666667
1 0.8875 0.053125 0.00625 0.03125
1 0.86640625 0.03854166666666667 0.0078125 0.029166666666666667
1 0.88203125 0.046875 0.0078125 0.03125
1 0.871875 0.03333333333333333 0.00625 0.034375
1 0.88984375 0.9739583333333334 0.0203125 0.041666666666666664
1 0.8828125 0.9385416666666667 0.01875 0.035416666666666666
1 0.7546875 0.76875 0.0125 0.03125
1 0.7296875 0.7645833333333333 0.0125 0.046875
1 0.68515625 0.709375 0.0140625 0.053125
1 0.709375 0.6520833333333333 0.0125 0.046875
1 0.725 0.6239583333333333 0.0125 0.027083333333333334
1 0.55 0.15 0.00625 0.0375
1 0.53984375 0.14479166666666668 0.0046875 0.03958333333333333
1 0.559375 0.09479166666666666 0.009375 0.03958333333333333