1 0.10078125 0.8416666666666667 0.0109375 0.0625
1 0.06171875 0.85625 0.0078125 0.0375
1 0.046875 0.8572916666666667 0.009375 0.04583333333333333
1 0.03515625 0.8520833333333333 0.0109375 0.058333333333333334
1 0.01015625 0.865625 0.0078125 0.05625
1 0.14921875 0.9666666666666667 0.0203125 0.065625
1 0.1609375 0.9677083333333333 0.009375 0.06458333333333334
1 0.21875 0.878125 0.0125 0.05
1 0.29296875 0.8614583333333333 0.0109375 0.052083333333333336
1 0.721875 0.6291666666666667 0.003125 0.008333333333333333
1 0.82578125 0.646875 0.0015625 0.009375
1 0.8296875 0.6208333333333333 0.003125 0.00625
1 0.85625 0.6458333333333334 0.003125 0.016666666666666666
1 0.83125 0.6479166666666667 0.003125 0.009375
1 0.79921875 0.6854166666666667 0.0046875 0.015625
1 0.51953125 0.6791666666666667 0.0046875 0.021875
1 0.53125 0.6520833333333333 0.003125 0.016666666666666666