1 0.5671875 0.7541666666666667 0.01875 0.06875
1 0.70078125 0.9166666666666666 0.0203125 0.05416666666666667
1 0.71015625 0.8875 0.0171875 0.040625
1 0.72734375 0.9520833333333333 0.0171875 0.03958333333333333
1 0.72734375 0.9322916666666666 0.0203125 0.03333333333333333
1 0.7296875 0.9135416666666667 0.01875 0.041666666666666664
1 0.73203125 0.9760416666666667 0.0234375 0.04791666666666667
1 0.75 0.9697916666666667 0.015625 0.06041666666666667
1 0.75859375 0.9791666666666666 0.0140625 0.041666666666666664
1 0.7640625 0.9416666666666667 0.015625 0.07291666666666667
1 0.83671875 0.878125 0.0171875 0.071875
1 0.853125 0.8541666666666666 0.015625 0.075
1 0.81796875 0.8291666666666667 0.0171875 0.07291666666666667
1 0.7859375 0.825 0.01875 0.071875
1 0.74921875 0.8520833333333333 0.0171875 0.075
1 0.71875 0.7645833333333333 0.01875 0.03958333333333333
1 0.73125 0.6989583333333333 0.01875 0.06041666666666667
1 0.7421875 0.7083333333333334 0.0125 0.035416666666666666
1 0.790625 0.7604166666666666 0.015625 0.03958333333333333
1 0.92265625 0.9604166666666667 0.0265625 0.065625
1 0.97578125 0.9583333333333334 0.0234375 0.052083333333333336
1 0.9828125 0.9208333333333333 0.021875 0.053125
1 0.9546875 0.8979166666666667 0.03125 0.053125
1 0.9171875 0.8854166666666666 0.021875 0.078125
1 0.925 0.8802083333333334 0.01875 0.041666666666666664
1 0.89453125 0.871875 0.0234375 0.075
1 0.94140625 0.8145833333333333 0.0265625 0.06458333333333334
1 0.88203125 0.8427083333333333 0.0203125 0.07708333333333334
1 0.909375 0.8239583333333333 0.01875 0.041666666666666664
1 0.9125 0.80625 0.01875 0.04375
1 0.9234375 0.8041666666666667 0.01875 0.035416666666666666
1 0.82421875 0.721875 0.0171875 0.059375
1 0.84375 0.703125 0.0125 0.0375
1 0.8296875 0.6979166666666666 0.015625 0.058333333333333334
1 0.82421875 0.671875 0.0171875 0.059375
1 0.83203125 0.6583333333333333 0.0140625 0.059375
1 0.8859375 0.66875 0.015625 0.0375
1 0.89765625 0.6572916666666667 0.0140625 0.03958333333333333
1 0.8984375 0.7645833333333333 0.01875 0.06666666666666667
1 0.91875 0.7625 0.01875 0.05625
1 0.875 0.7333333333333333 0.01875 0.06041666666666667
1 0.87578125 0.7520833333333333 0.0140625 0.06666666666666667
1 0.90390625 0.6104166666666667 0.0171875 0.05416666666666667
1 0.91796875 0.6114583333333333 0.0140625 0.052083333333333336
1 0.88828125 0.5947916666666667 0.0140625 0.05416666666666667
1 0.78359375 0.6260416666666667 0.0140625 0.05416666666666667
1 0.8 0.6010416666666667 0.01875 0.058333333333333334
1 0.7921875 0.5916666666666667 0.009375 0.059375
1 0.83828125 0.5875 0.0109375 0.046875
1 0.821875 0.5854166666666667 0.0125 0.03958333333333333
1 0.79375 0.5708333333333333 0.0125 0.053125
1 0.79765625 0.5802083333333333 0.0109375 0.058333333333333334
1 0.8375 0.565625 0.0125 0.046875
1 0.8375 0.5364583333333334 0.015625 0.041666666666666664
1 0.18515625 0.6 0.0171875 0.05625
1 0.55625 0.3770833333333333 0.009375 0.041666666666666664
1 0.93203125 0.24375 0.0109375 0.01875
1 0.8890625 0.22708333333333333 0.009375 0.03125
1 0.86015625 0.2520833333333333 0.0078125 0.020833333333333332
1 0.790625 0.16979166666666667 0.00625 0.022916666666666665
1 0.5 0.30625 0.00625 0.025
1 0.49375 0.309375 0.00625 0.025
1 0.48671875 0.3104166666666667 0.0078125 0.016666666666666666
1 0.46484375 0.3145833333333333 0.0078125 0.03958333333333333
1 0.45 0.3104166666666667 0.009375 0.027083333333333334
1 0.4375 0.303125 0.009375 0.025
1 0.4296875 0.2989583333333333 0.00625 0.022916666666666665
1 0.41796875 0.28958333333333336 0.0078125 0.021875
1 0.4140625 0.28229166666666666 0.00625 0.022916666666666665
1 0.3984375 0.27395833333333336 0.009375 0.027083333333333334
1 0.4125 0.259375 0.00625 0.028125
1 0.40390625 0.25729166666666664 0.0078125 0.022916666666666665
1 0.43125 0.25416666666666665 0.00625 0.028125
1 0.43359375 0.24166666666666667 0.0078125 0.025
1 0.43984375 0.23541666666666666 0.0078125 0.01875
1 0.3953125 0.31875 0.009375 0.04375
1 0.39140625 0.3020833333333333 0.0078125 0.03958333333333333
1 0.3875 0.29791666666666666 0.00625 0.035416666666666666
1 0.375 0.309375 0.00625 0.0375
1 0.33515625 0.32708333333333334 0.0078125 0.041666666666666664
1 0.35546875 0.296875 0.0078125 0.03125
1 0.3359375 0.29270833333333335 0.009375 0.03958333333333333
1 0.3 0.290625 0.009375 0.040625
1 0.30703125 0.284375 0.0078125 0.0375
1 0.30703125 0.271875 0.0078125 0.034375
1 0.26328125 0.26145833333333335 0.0078125 0.016666666666666666
1 0.2421875 0.3333333333333333 0.0125 0.040625
1 0.2875 0.21458333333333332 0.00625 0.035416666666666666
1 0.2625 0.21458333333333332 0.00625 0.0375
1 0.24375 0.14270833333333333 0.00625 0.03333333333333333
1 0.234375 0.11041666666666666 0.00625 0.027083333333333334
1 0.2390625 0.06979166666666667 0.00625 0.020833333333333332
1 0.2875 0.08333333333333333 0.00625 0.014583333333333334
1 0.2109375 0.05520833333333333 0.00625 0.022916666666666665
1 0.20625 0.06666666666666667 0.00625 0.027083333333333334
1 0.20390625 0.128125 0.0078125 0.028125
1 0.17421875 0.041666666666666664 0.0046875 0.025
1 0.16484375 0.041666666666666664 0.0046875 0.021875
1 0.16875 0.03333333333333333 0.00625 0.021875
1 0.15703125 0.017708333333333333 0.0046875 0.022916666666666665
1 0.16171875 0.017708333333333333 0.0046875 0.022916666666666665
1 0.0671875 0.37395833333333334 0.0125 0.04791666666666667
1 0.21640625 0.35833333333333334 0.0109375 0.03125
1 0.090625 0.365625 0.015625 0.0375
1 0.0828125 0.22708333333333333 0.009375 0.029166666666666667
1 0.103125 0.13958333333333334 0.00625 0.025
1 0.0609375 0.26145833333333335 0.0125 0.035416666666666666
1 0.07265625 0.30104166666666665 0.0109375 0.04583333333333333
1 0.08046875 0.075 0.0078125 0.028125
1 0.06953125 0.07708333333333334 0.0078125 0.029166666666666667
1 0.046875 0.3020833333333333 0.015625 0.04583333333333333
1 0.03828125 0.2947916666666667 0.0109375 0.041666666666666664
1 0.04609375 0.28854166666666664 0.0109375 0.03958333333333333
1 0.09140625 0.0625 0.0078125 0.021875