1 0.71015625 0.5177083333333333 0.0390625 0.022916666666666665
1 0.7484375 0.4510416666666667 0.0421875 0.01875
1 0.765625 0.415625 0.0421875 0.027083333333333334
1 0.7984375 0.41458333333333336 0.0421875 0.020833333333333332
1 0.690625 0.4583333333333333 0.0421875 0.020833333333333332
1 0.696875 0.44479166666666664 0.0234375 0.010416666666666666
1 0.76953125 0.37083333333333335 0.0375 0.025
1 0.61484375 0.465625 0.0234375 0.01875
1 0.5109375 0.5145833333333333 0.021875 0.0125
1 0.5265625 0.4875 0.025 0.0125
1 0.46328125 0.471875 0.0171875 0.010416666666666666
1 0.44921875 0.5447916666666667 0.015625 0.010416666666666666
1 0.41796875 0.465625 0.015625 0.010416666666666666
1 0.3984375 0.46875 0.01875 0.008333333333333333
1 0.36171875 0.5541666666666667 0.015625 0.008333333333333333
1 0.34765625 0.5333333333333333 0.0140625 0.008333333333333333
1 0.31953125 0.5083333333333333 0.0125 0.008333333333333333
1 0.30390625 0.5322916666666667 0.0109375 0.00625
1 0.2984375 0.5041666666666667 0.0125 0.004166666666666667
1 0.29921875 0.5197916666666667 0.0109375 0.00625
1 0.31171875 0.4895833333333333 0.015625 0.008333333333333333
1 0.7296875 0.428125 0.0375 0.01875
1 0.80625 0.32708333333333334 0.04375 0.025
1 0.8 0.3489583333333333 0.0421875 0.01875
1 0.328125 0.4875 0.0125 0.008333333333333333