1 0.2828125 0.9479166666666666 0.021875 0.0875
1 0.7015625 0.48541666666666666 0.015625 0.058333333333333334
1 0.88828125 0.5083333333333333 0.0203125 0.04583333333333333
1 0.70078125 0.28958333333333336 0.0140625 0.04375
1 0.6984375 0.125 0.009375 0.029166666666666667
1 0.6546875 0.06354166666666666 0.00625 0.029166666666666667
1 0.6515625 0.065625 0.00625 0.029166666666666667
1 0.515625 0.17708333333333334 0.009375 0.041666666666666664
1 0.5796875 0.20416666666666666 0.009375 0.05
1 0.5546875 0.21875 0.009375 0.05
1 0.54296875 0.22083333333333333 0.0078125 0.04583333333333333
1 0.53125 0.21770833333333334 0.009375 0.041666666666666664
1 0.5375 0.20416666666666666 0.009375 0.041666666666666664
1 0.54765625 0.20625 0.0078125 0.0375