1 0.765625 0.41458333333333336 0.00625 0.03333333333333333
1 0.75625 0.3145833333333333 0.00625 0.025
1 0.76171875 0.31875 0.0046875 0.015625
1 0.7484375 0.29791666666666666 0.00625 0.020833333333333332
1 0.771875 0.18333333333333332 0.003125 0.009375
1 0.77734375 0.18229166666666666 0.0046875 0.010416666666666666
1 0.734375 0.20625 0.003125 0.009375
1 0.7375 0.20833333333333334 0.003125 0.010416666666666666
1 0.65078125 0.5729166666666666 0.0109375 0.04375
1 0.26640625 0.7197916666666667 0.0140625 0.058333333333333334
1 0.1109375 0.603125 0.015625 0.046875
1 0.084375 0.4479166666666667 0.009375 0.029166666666666667
1 0.14921875 0.4479166666666667 0.0078125 0.03125
1 0.28125 0.4708333333333333 0.009375 0.035416666666666666
1 0.29140625 0.4635416666666667 0.0078125 0.03958333333333333
1 0.29921875 0.46458333333333335 0.0078125 0.0375
1 0.4640625 0.44166666666666665 0.009375 0.025
1 0.4734375 0.39166666666666666 0.00625 0.025
1 0.578125 0.20208333333333334 0.003125 0.0125
1 0.58125 0.190625 0.003125 0.015625
1 0.64453125 0.20625 0.0046875 0.0125
1 0.5625 0.3104166666666667 0.00625 0.016666666666666666
1 0.5765625 0.3177083333333333 0.00625 0.020833333333333332
1 0.54140625 0.4041666666666667 0.0078125 0.029166666666666667