1 0.1421875 0.09583333333333334 0.009375 0.03958333333333333
1 0.128125 0.08645833333333333 0.009375 0.035416666666666666
1 0.12578125 0.09791666666666667 0.0078125 0.016666666666666666
1 0.01015625 0.8458333333333333 0.0203125 0.12291666666666666
1 0.021875 0.6020833333333333 0.040625 0.1
1 0.040625 0.5947916666666667 0.01875 0.07291666666666667
1 0.2859375 0.6447916666666667 0.04375 0.10833333333333334
1 0.87265625 0.8645833333333334 0.0421875 0.10625
1 0.6625 0.6229166666666667 0.028125 0.09583333333333334
1 0.78125 0.09270833333333334 0.00625 0.027083333333333334
1 0.78984375 0.090625 0.0078125 0.034375
1 0.81171875 0.090625 0.0078125 0.034375
1 0.67265625 0.09895833333333333 0.0078125 0.035416666666666666
1 0.6671875 0.08229166666666667 0.00625 0.029166666666666667
1 0.54921875 0.029166666666666667 0.0078125 0.025
1 0.54765625 0.028125 0.0078125 0.025
1 0.6265625 0.15416666666666667 0.0125 0.027083333333333334