1 0.15625 0.721875 0.0484375 0.022916666666666665
1 0.18671875 0.7208333333333333 0.0484375 0.020833333333333332
1 0.30390625 0.7333333333333333 0.0390625 0.016666666666666666
1 0.3015625 0.95625 0.034375 0.016666666666666666
1 0.3 0.971875 0.03125 0.014583333333333334
1 0.3953125 0.9916666666666667 0.028125 0.0125
1 0.30625 0.49375 0.0296875 0.016666666666666666
1 0.3078125 0.484375 0.034375 0.01875
1 0.41015625 0.5510416666666667 0.0296875 0.014583333333333334
1 0.44609375 0.5677083333333334 0.028125 0.010416666666666666
1 0.53125 0.48020833333333335 0.015625 0.010416666666666666
1 0.6015625 0.4666666666666667 0.015625 0.008333333333333333
1 0.375 0.225 0.03125 0.016666666666666666