1 0.84375 0.278125 0.0484375 0.022916666666666665
1 0.81328125 0.2791666666666667 0.0484375 0.020833333333333332
1 0.69609375 0.26666666666666666 0.0390625 0.016666666666666666
1 0.6984375 0.04375 0.034375 0.016666666666666666
1 0.7 0.028125 0.03125 0.014583333333333334
1 0.6046875 0.008333333333333333 0.028125 0.0125
1 0.69375 0.50625 0.0296875 0.016666666666666666
1 0.6921875 0.515625 0.034375 0.01875
1 0.58984375 0.44895833333333335 0.0296875 0.014583333333333334
1 0.55390625 0.4322916666666667 0.028125 0.010416666666666666
1 0.46875 0.5197916666666667 0.015625 0.010416666666666666
1 0.3984375 0.5333333333333333 0.015625 0.008333333333333333
1 0.625 0.775 0.03125 0.016666666666666666