1 0.84453125 0.6510416666666666 0.0609375 0.01875
1 0.8125 0.928125 0.0671875 0.035416666666666666
1 0.6328125 0.1625 0.05 0.025
1 0.2453125 0.2 0.0125 0.008333333333333333
1 0.2734375 0.31145833333333334 0.0171875 0.00625
1 0.28125 0.321875 0.01875 0.00625
1 0.240625 0.37083333333333335 0.0078125 0.008333333333333333
1 0.2734375 0.44479166666666664 0.015625 0.00625
1 0.221875 0.4197916666666667 0.0125 0.00625
1 0.22265625 0.425 0.0125 0.004166666666666667
1 0.2375 0.45 0.0125 0.004166666666666667
1 0.2171875 0.440625 0.009375 0.00625
1 0.22734375 0.5083333333333333 0.015625 0.004166666666666667
1 0.22734375 0.5083333333333333 0.0125 0.004166666666666667
1 0.21328125 0.4875 0.0109375 0.004166666666666667
1 0.33671875 0.8677083333333333 0.0296875 0.010416666666666666
1 0.21015625 0.8708333333333333 0.015625 0.004166666666666667
1 0.278125 0.828125 0.0203125 0.00625
1 0.27734375 0.8364583333333333 0.015625 0.00625
1 0.2703125 0.8854166666666666 0.021875 0.008333333333333333
1 0.27109375 0.8510416666666667 0.0171875 0.010416666666666666
1 0.2734375 0.8041666666666667 0.01875 0.008333333333333333
1 0.29140625 0.7770833333333333 0.025 0.008333333333333333
1 0.26328125 0.7604166666666666 0.015625 0.008333333333333333
1 0.265625 0.7760416666666666 0.01875 0.00625
1 0.259375 0.63125 0.015625 0.008333333333333333
1 0.22578125 0.75 0.0140625 0.004166666666666667
1 0.2265625 0.7479166666666667 0.0125 0.004166666666666667
1 0.25546875 0.721875 0.0171875 0.00625
1 0.25546875 0.7239583333333334 0.0171875 0.00625
1 0.25078125 0.7354166666666667 0.015625 0.008333333333333333