1 0.428125 0.14375 0.040625 0.020833333333333332
1 0.446875 0.121875 0.0375 0.01875
1 0.165625 0.7041666666666667 0.05 0.016666666666666666
1 0.5203125 0.14895833333333333 0.0328125 0.014583333333333334
1 0.54921875 0.08020833333333334 0.034375 0.010416666666666666
1 0.56875 0.04479166666666667 0.03125 0.01875
1 0.57109375 0.04895833333333333 0.03125 0.01875
1 0.5875 0.06041666666666667 0.021875 0.0125
1 0.584375 0.046875 0.03125 0.014583333333333334
1 0.4453125 0.159375 0.040625 0.014583333333333334
1 0.62578125 0.6791666666666667 0.021875 0.0125
1 0.6234375 0.6895833333333333 0.021875 0.008333333333333333
1 0.75234375 0.4270833333333333 0.015625 0.008333333333333333
1 0.7890625 0.43333333333333335 0.015625 0.008333333333333333
1 0.7875 0.44375 0.021875 0.008333333333333333
1 0.58203125 0.6083333333333333 0.01875 0.0125
1 0.62109375 0.6072916666666667 0.021875 0.014583333333333334
1 0.6328125 0.525 0.021875 0.0125
1 0.7515625 0.478125 0.0125 0.00625
1 0.8484375 0.6041666666666666 0.0109375 0.004166666666666667
1 0.85625 0.5041666666666667 0.0125 0.004166666666666667
1 0.85625 0.5072916666666667 0.0140625 0.00625