1 0.84296875 0.9541666666666667 0.0203125 0.0625
1 0.85546875 0.9677083333333333 0.0171875 0.041666666666666664
1 0.703125 0.37604166666666666 0.009375 0.03333333333333333
1 0.68671875 0.45729166666666665 0.0109375 0.027083333333333334
1 0.6625 0.4010416666666667 0.00625 0.020833333333333332
1 0.675 0.37916666666666665 0.00625 0.03125
1 0.8328125 0.290625 0.00625 0.025
1 0.64765625 0.4864583333333333 0.0109375 0.03333333333333333
1 0.621875 0.5 0.0125 0.029166666666666667
1 0.58828125 0.44479166666666664 0.0109375 0.041666666666666664
1 0.71953125 0.3177083333333333 0.0078125 0.029166666666666667
1 0.7125 0.31875 0.00625 0.020833333333333332
1 0.63203125 0.30104166666666665 0.0046875 0.029166666666666667
1 0.60625 0.29791666666666666 0.00625 0.027083333333333334
1 0.6 0.29791666666666666 0.00625 0.029166666666666667
1 0.58203125 0.2989583333333333 0.0046875 0.027083333333333334
1 0.57265625 0.29583333333333334 0.0046875 0.027083333333333334
1 0.5703125 0.29583333333333334 0.00625 0.029166666666666667
1 0.58828125 0.40208333333333335 0.0109375 0.03125
1 0.50234375 0.38333333333333336 0.0046875 0.03333333333333333
1 0.49921875 0.38229166666666664 0.0046875 0.027083333333333334
1 0.49375 0.39791666666666664 0.009375 0.03958333333333333
1 0.403125 0.32916666666666666 0.00625 0.029166666666666667
1 0.30546875 0.40625 0.0078125 0.04375
1 0.29921875 0.4041666666666667 0.0078125 0.035416666666666666
1 0.06875 0.5552083333333333 0.015625 0.03333333333333333
1 0.04375 0.403125 0.0125 0.041666666666666664
1 0.10859375 0.33541666666666664 0.0078125 0.022916666666666665
1 0.03125 0.371875 0.009375 0.03333333333333333