1 0.840625 0.146875 0.015625 0.010416666666666666
1 0.840625 0.16145833333333334 0.0140625 0.010416666666666666
1 0.840625 0.16875 0.0125 0.0125
1 0.759375 0.184375 0.025 0.010416666666666666
1 0.7640625 0.259375 0.025 0.010416666666666666
1 0.765625 0.15104166666666666 0.025 0.010416666666666666
1 0.721875 0.16770833333333332 0.0234375 0.010416666666666666
1 0.7265625 0.17083333333333334 0.025 0.008333333333333333
1 0.7234375 0.196875 0.028125 0.010416666666666666
1 0.6609375 0.3302083333333333 0.0296875 0.010416666666666666
1 0.66171875 0.315625 0.028125 0.010416666666666666
1 0.66640625 0.31979166666666664 0.025 0.010416666666666666
1 0.68125 0.34791666666666665 0.028125 0.0125
1 0.68359375 0.35208333333333336 0.025 0.008333333333333333
1 0.79765625 0.07291666666666667 0.0140625 0.008333333333333333
1 0.7859375 0.06875 0.01875 0.008333333333333333
1 0.7859375 0.0625 0.01875 0.008333333333333333
1 0.7078125 0.042708333333333334 0.025 0.010416666666666666
1 0.65625 0.015625 0.025 0.010416666666666666
1 0.6625 0.016666666666666666 0.025 0.0125
1 0.578125 0.18333333333333332 0.03125 0.0125
1 0.5890625 0.18958333333333333 0.025 0.0125
1 0.5828125 0.17604166666666668 0.025 0.010416666666666666
1 0.5875 0.35208333333333336 0.03125 0.0125
1 0.5671875 0.4583333333333333 0.03125 0.0125
1 0.58515625 0.446875 0.034375 0.014583333333333334
1 0.49765625 0.3375 0.0328125 0.008333333333333333
1 0.5609375 0.48854166666666665 0.028125 0.014583333333333334
1 0.4765625 0.584375 0.03125 0.010416666666666666
1 0.540625 0.6010416666666667 0.0328125 0.014583333333333334
1 0.53046875 0.6552083333333333 0.03125 0.010416666666666666
1 0.45859375 0.6697916666666667 0.0296875 0.01875
1 0.66875 0.5427083333333333 0.03125 0.010416666666666666
1 0.6765625 0.5333333333333333 0.0296875 0.008333333333333333
1 0.6484375 0.540625 0.03125 0.010416666666666666
1 0.52421875 0.5114583333333333 0.0265625 0.014583333333333334
1 0.52421875 0.5041666666666667 0.0296875 0.008333333333333333
1 0.50390625 0.475 0.021875 0.0125
1 0.509375 0.4791666666666667 0.021875 0.0125
1 0.5078125 0.33229166666666665 0.0328125 0.010416666666666666
1 0.48359375 0.7583333333333333 0.03125 0.020833333333333332
1 0.459375 0.8364583333333333 0.0171875 0.014583333333333334
1 0.4546875 0.8125 0.025 0.020833333333333332
1 0.46875 0.8135416666666667 0.01875 0.03125
1 0.46796875 0.7947916666666667 0.021875 0.014583333333333334
1 0.42578125 0.8229166666666666 0.0203125 0.016666666666666666
1 0.41875 0.825 0.0203125 0.016666666666666666
1 0.40859375 0.825 0.021875 0.0125
1 0.38828125 0.8270833333333333 0.040625 0.0125
1 0.40546875 0.875 0.0390625 0.016666666666666666
1 0.44140625 0.9572916666666667 0.0328125 0.014583333333333334
1 0.4546875 0.9197916666666667 0.034375 0.014583333333333334
1 0.465625 0.9114583333333334 0.03125 0.022916666666666665
1 0.45703125 0.9270833333333334 0.021875 0.008333333333333333
1 0.7859375 0.9177083333333333 0.025 0.010416666666666666
1 0.79296875 0.9333333333333333 0.028125 0.0125
1 0.85234375 0.93125 0.021875 0.0125
1 0.8390625 0.8583333333333333 0.021875 0.008333333333333333
1 0.84609375 0.9885416666666667 0.021875 0.010416666666666666
1 0.85 0.9958333333333333 0.025 0.008333333333333333
1 0.2984375 0.8395833333333333 0.0234375 0.016666666666666666
1 0.3015625 0.80625 0.034375 0.016666666666666666
1 0.34296875 0.746875 0.040625 0.01875
1 0.3859375 0.7791666666666667 0.034375 0.016666666666666666
1 0.40703125 0.8 0.0203125 0.016666666666666666
1 0.7625 0.5666666666666667 0.028125 0.008333333333333333
1 0.76640625 0.553125 0.0296875 0.00625
1 0.80390625 0.5791666666666667 0.0296875 0.0125