1 0.8390625 0.7416666666666667 0.05 0.016666666666666666
1 0.85 0.7958333333333333 0.0265625 0.025
1 0.6453125 0.3854166666666667 0.0421875 0.016666666666666666
1 0.58828125 0.39895833333333336 0.0453125 0.014583333333333334
1 0.5609375 0.690625 0.0375 0.010416666666666666
1 0.6109375 0.9114583333333334 0.040625 0.014583333333333334
1 0.39609375 0.6541666666666667 0.0296875 0.008333333333333333
1 0.3921875 0.6625 0.025 0.008333333333333333
1 0.390625 0.6583333333333333 0.0296875 0.008333333333333333
1 0.4359375 0.5645833333333333 0.025 0.0125
1 0.77734375 0.6520833333333333 0.040625 0.020833333333333332
1 0.5921875 0.778125 0.025 0.01875
1 0.5421875 0.39895833333333336 0.034375 0.014583333333333334
1 0.346875 0.625 0.0265625 0.008333333333333333
1 0.3015625 0.6208333333333333 0.021875 0.008333333333333333
1 0.35546875 0.6520833333333333 0.0265625 0.0125
1 0.2875 0.6854166666666667 0.025 0.008333333333333333
1 0.15859375 0.49270833333333336 0.0125 0.00625
1 0.15625 0.49895833333333334 0.0140625 0.00625
1 0.178125 0.628125 0.015625 0.00625
1 0.146875 0.521875 0.0125 0.00625
1 0.1828125 0.38958333333333334 0.015625 0.004166666666666667
1 0.1828125 0.39479166666666665 0.015625 0.00625