1 0.52578125 0.9885416666666667 0.04375 0.022916666666666665
1 0.54609375 0.9291666666666667 0.04375 0.020833333333333332
1 0.5515625 0.8979166666666667 0.0421875 0.016666666666666666
1 0.5484375 0.88125 0.0453125 0.020833333333333332
1 0.58671875 0.8833333333333333 0.0421875 0.016666666666666666
1 0.590625 0.8416666666666667 0.040625 0.020833333333333332
1 0.61171875 0.8614583333333333 0.0359375 0.014583333333333334
1 0.6140625 0.8770833333333333 0.0390625 0.0125
1 0.60625 0.8958333333333334 0.040625 0.016666666666666666
1 0.609375 0.9125 0.0375 0.016666666666666666
1 0.59921875 0.93125 0.03125 0.016666666666666666
1 0.60546875 0.9354166666666667 0.0421875 0.016666666666666666
1 0.5109375 0.8739583333333333 0.0296875 0.022916666666666665
1 0.7609375 0.8177083333333334 0.0234375 0.010416666666666666
1 0.340625 0.07604166666666666 0.04375 0.027083333333333334
1 0.459375 0.017708333333333333 0.05 0.01875
1 0.465625 0.04791666666666667 0.0484375 0.025
1 0.5046875 0.027083333333333334 0.046875 0.025
1 0.51484375 0.010416666666666666 0.03125 0.020833333333333332
1 0.5125 0.04375 0.028125 0.020833333333333332
1 0.51484375 0.06458333333333334 0.0265625 0.020833333333333332
1 0.51875 0.08541666666666667 0.03125 0.025
1 0.525 0.12083333333333333 0.0328125 0.025
1 0.540625 0.09583333333333334 0.021875 0.016666666666666666
1 0.55859375 0.16666666666666666 0.025 0.020833333333333332
1 0.5625 0.17708333333333334 0.025 0.025
1 0.56875 0.18333333333333332 0.0265625 0.020833333333333332
1 0.59140625 0.20833333333333334 0.040625 0.020833333333333332
1 0.58359375 0.24791666666666667 0.04375 0.016666666666666666
1 0.59375 0.08333333333333333 0.04375 0.016666666666666666
1 0.6265625 0.06875 0.03125 0.016666666666666666
1 0.7125 0.24895833333333334 0.028125 0.010416666666666666
1 0.7046875 0.2708333333333333 0.0390625 0.0125
1 0.703125 0.2864583333333333 0.034375 0.010416666666666666
1 0.70859375 0.27708333333333335 0.0375 0.008333333333333333
1 0.81796875 0.42604166666666665 0.021875 0.00625
1 0.821875 0.4354166666666667 0.0140625 0.008333333333333333
1 0.84140625 0.48125 0.0171875 0.008333333333333333
1 0.82890625 0.49270833333333336 0.021875 0.010416666666666666