1 0.31875 0.9520833333333333 0.0125 0.06666666666666667
1 0.278125 0.9666666666666667 0.01875 0.035416666666666666
1 0.5859375 0.69375 0.0125 0.05625
1 0.57578125 0.6177083333333333 0.0109375 0.06041666666666667
1 0.35703125 0.58125 0.0078125 0.05
1 0.19140625 0.6479166666666667 0.0109375 0.05416666666666667
1 0.384375 0.3614583333333333 0.00625 0.03958333333333333
1 0.378125 0.35625 0.00625 0.034375
1 0.38125 0.3541666666666667 0.00625 0.03958333333333333
1 0.4515625 0.41458333333333336 0.009375 0.034375
1 0.3859375 0.8697916666666666 0.015625 0.05416666666666667
1 0.29140625 0.6229166666666667 0.0140625 0.03333333333333333
1 0.57578125 0.55625 0.0109375 0.046875
1 0.40625 0.29583333333333334 0.00625 0.035416666666666666
1 0.409375 0.23541666666666666 0.00625 0.028125
1 0.3859375 0.3072916666666667 0.009375 0.035416666666666666
1 0.3609375 0.21666666666666667 0.00625 0.03333333333333333
1 0.50546875 0.04479166666666667 0.0046875 0.016666666666666666
1 0.50078125 0.041666666666666664 0.0046875 0.01875
1 0.40390625 0.07083333333333333 0.0046875 0.021875
1 0.48359375 0.029166666666666667 0.0046875 0.015625
1 0.8859375 0.5875 0.0125 0.034375
1 0.5828125 0.07708333333333334 0.003125 0.020833333333333332
1 0.57890625 0.07708333333333334 0.0046875 0.020833333333333332