1 0.66328125 0.965625 0.0171875 0.065625
1 0.66171875 0.8947916666666667 0.0171875 0.07083333333333333
1 0.7078125 0.9302083333333333 0.015625 0.04791666666666667
1 0.70078125 0.84375 0.0140625 0.034375
1 0.7125 0.80625 0.0125 0.05625
1 0.5234375 0.7791666666666667 0.01875 0.05416666666666667
1 0.52265625 0.7697916666666667 0.0171875 0.05416666666666667
1 0.51640625 0.55 0.0140625 0.03125
1 0.4796875 0.45625 0.009375 0.028125
1 0.5609375 0.409375 0.0125 0.028125
1 0.378125 0.2604166666666667 0.009375 0.021875
1 0.48984375 0.284375 0.0078125 0.01875
1 0.50859375 0.29583333333333334 0.0078125 0.028125
1 0.540625 0.28541666666666665 0.00625 0.014583333333333334
1 0.55234375 0.2875 0.0078125 0.01875
1 0.525 0.2760416666666667 0.00625 0.027083333333333334
1 0.534375 0.2604166666666667 0.00625 0.016666666666666666
1 0.6375 0.26458333333333334 0.009375 0.025