1 0.5203125 0.25416666666666665 0.00625 0.015625
1 0.509375 0.27708333333333335 0.00625 0.01875
1 0.52890625 0.34270833333333334 0.0046875 0.014583333333333334
1 0.54375 0.3458333333333333 0.00625 0.0125
1 0.5484375 0.365625 0.00625 0.01875
1 0.53828125 0.375 0.0078125 0.021875
1 0.53203125 0.3020833333333333 0.0078125 0.01875
1 0.47578125 0.58125 0.0078125 0.03125
1 0.5515625 0.5208333333333334 0.009375 0.025
1 0.54296875 0.55 0.0109375 0.034375
1 0.528125 0.615625 0.009375 0.034375
1 0.5484375 0.6583333333333333 0.0125 0.035416666666666666
1 0.553125 0.7333333333333333 0.0125 0.04791666666666667
1 0.521875 0.7416666666666667 0.015625 0.04583333333333333
1 0.4640625 0.6979166666666666 0.009375 0.040625
1 0.60234375 0.7729166666666667 0.0171875 0.046875
1 0.57265625 0.8302083333333333 0.0140625 0.05416666666666667
1 0.53984375 0.8364583333333333 0.0140625 0.04791666666666667
1 0.515625 0.9041666666666667 0.015625 0.053125
1 0.55703125 0.9135416666666667 0.0140625 0.05416666666666667
1 0.4234375 0.8822916666666667 0.0125 0.05416666666666667