1 0.6703125 0.9927083333333333 0.0296875 0.014583333333333334
1 0.68671875 0.9354166666666667 0.0390625 0.025
1 0.33359375 0.34479166666666666 0.084375 0.03958333333333333
1 0.6046875 0.8916666666666667 0.0234375 0.016666666666666666
1 0.41484375 0.7947916666666667 0.053125 0.03125
1 0.3984375 0.671875 0.05 0.03125
1 0.43046875 0.18229166666666666 0.04375 0.027083333333333334
1 0.43125 0.19166666666666668 0.059375 0.0375
1 0.64765625 0.265625 0.0234375 0.014583333333333334
1 0.634375 0.3177083333333333 0.021875 0.01875
1 0.67109375 0.08333333333333333 0.01875 0.0125
1 0.67890625 0.12291666666666666 0.0125 0.0125