1 0.696875 0.4635416666666667 0.015625 0.041666666666666664
1 0.71328125 0.296875 0.0109375 0.05
1 0.74375 0.36666666666666664 0.009375 0.05
1 0.7671875 0.39375 0.009375 0.053125
1 0.6640625 0.290625 0.00625 0.034375
1 0.66875 0.290625 0.00625 0.04375
1 0.86015625 0.26666666666666666 0.0078125 0.0375
1 0.87265625 0.2708333333333333 0.0078125 0.034375
1 0.94921875 0.25729166666666664 0.0078125 0.03958333333333333
1 0.75 0.21041666666666667 0.009375 0.03958333333333333
1 0.7296875 0.1625 0.00625 0.03125
1 0.759375 0.21041666666666667 0.00625 0.029166666666666667
1 0.765625 0.21458333333333332 0.00625 0.03125
1 0.77890625 0.21770833333333334 0.0078125 0.03333333333333333
1 0.7828125 0.22604166666666667 0.00625 0.022916666666666665
1 0.7875 0.21354166666666666 0.00625 0.029166666666666667
1 0.821875 0.190625 0.00625 0.034375
1 0.825 0.19166666666666668 0.00625 0.021875
1 0.6125 0.20833333333333334 0.009375 0.022916666666666665
1 0.5390625 0.12395833333333334 0.00625 0.027083333333333334
1 0.3203125 0.8364583333333333 0.01875 0.052083333333333336
1 0.0453125 0.5864583333333333 0.0125 0.03958333333333333
1 0.05390625 0.5833333333333334 0.0140625 0.04375
1 0.1015625 0.353125 0.015625 0.05
1 0.1359375 0.36666666666666664 0.0125 0.05
1 0.1640625 0.3614583333333333 0.0125 0.04583333333333333
1 0.15703125 0.36666666666666664 0.0078125 0.03333333333333333
1 0.15703125 0.3885416666666667 0.0109375 0.04583333333333333
1 0.15234375 0.4395833333333333 0.0140625 0.058333333333333334
1 0.2890625 0.21666666666666667 0.00625 0.035416666666666666
1 0.3140625 0.22916666666666666 0.00625 0.025
1 0.4015625 0.2864583333333333 0.00625 0.041666666666666664
1 0.415625 0.28958333333333336 0.00625 0.0375
1 0.1421875 0.1875 0.0125 0.025