1 0.48671875 0.7802083333333333 0.0171875 0.052083333333333336
1 0.53671875 0.83125 0.0140625 0.05625
1 0.56328125 0.8541666666666666 0.0203125 0.05625
1 0.5640625 0.8979166666666667 0.015625 0.05625
1 0.53125 0.7541666666666667 0.015625 0.05625
1 0.54140625 0.7625 0.0078125 0.03125
1 0.596875 0.859375 0.01875 0.05
1 0.52578125 0.653125 0.0140625 0.03125
1 0.4890625 0.5145833333333333 0.009375 0.029166666666666667
1 0.509375 0.5354166666666667 0.009375 0.03333333333333333
1 0.52109375 0.4510416666666667 0.0078125 0.022916666666666665
1 0.46640625 0.4322916666666667 0.0078125 0.020833333333333332
1 0.52578125 0.390625 0.0078125 0.021875
1 0.5234375 0.3645833333333333 0.00625 0.025
1 0.459375 0.315625 0.00625 0.021875
1 0.475 0.296875 0.00625 0.01875
1 0.49375 0.259375 0.00625 0.015625
1 0.47578125 0.23854166666666668 0.0046875 0.014583333333333334
1 0.496875 0.23125 0.003125 0.015625
1 0.48515625 0.23229166666666667 0.0046875 0.014583333333333334
1 0.5078125 0.24895833333333334 0.00625 0.020833333333333332
1 0.55390625 0.80625 0.0140625 0.05
1 0.6296875 0.9083333333333333 0.01875 0.059375
1 0.61328125 0.9 0.0140625 0.05625
1 0.509375 0.2708333333333333 0.00625 0.016666666666666666