1 0.7328125 0.71875 0.0234375 0.008333333333333333
1 0.55078125 0.40520833333333334 0.03125 0.014583333333333334
1 0.184375 0.8072916666666666 0.0484375 0.01875
1 0.2078125 0.7625 0.046875 0.025
1 0.2015625 0.7354166666666667 0.046875 0.025
1 0.30078125 0.011458333333333333 0.046875 0.022916666666666665
1 0.75859375 0.24375 0.0203125 0.008333333333333333
1 0.7765625 0.24166666666666667 0.021875 0.008333333333333333
1 0.69453125 0.43333333333333335 0.015625 0.008333333333333333
1 0.6203125 0.5520833333333334 0.021875 0.008333333333333333
1 0.59453125 0.5239583333333333 0.025 0.014583333333333334