1 0.59140625 0.69921875 0.0578125 0.0671875
1 0.6234375 0.6421875 0.04296875 0.0484375
1 0.69453125 0.60234375 0.053125 0.05078125
1 0.7078125 0.55390625 0.05078125 0.053125
1 0.67421875 0.571875 0.0453125 0.053125
2 0.45546875 0.5953125 0.0671875 0.06015625
2 0.39765625 0.5203125 0.0890625 0.0671875
2 0.2203125 0.5828125 0.103125 0.07421875
2 0.24140625 0.446875 0.07421875 0.05546875
2 0.0578125 0.359375 0.0671875 0.0671875
2 0.06875 0.30390625 0.06015625 0.05546875
2 0.26328125 0.33984375 0.0484375 0.040625
2 0.25625 0.28828125 0.06015625 0.03828125
2 0.24609375 0.25859375 0.0359375 0.02890625
2 0.4015625 0.3125 0.06015625 0.03125
2 0.5140625 0.29296875 0.04296875 0.04296875
2 0.178125 0.30859375 0.04296875 0.03359375