1 0.60078125 0.27734375 0.02421875 0.0484375
1 0.59609375 0.4203125 0.021875 0.0578125
1 0.67578125 0.39453125 0.03125 0.0359375
1 0.69140625 0.42890625 0.03125 0.03828125
1 0.678125 0.48046875 0.021875 0.053125
2 0.2671875 0.25703125 0.0265625 0.0265625
2 0.1234375 0.24140625 0.0265625 0.0265625
2 0.41796875 0.3921875 0.053125 0.0359375
2 0.49375 0.3890625 0.03125 0.040625
2 0.31640625 0.31875 0.0359375 0.0265625
2 0.1578125 0.290625 0.040625 0.0265625
2 0.14765625 0.35546875 0.06484375 0.03359375
2 0.40234375 0.4671875 0.0578125 0.03828125
2 0.071875 0.4515625 0.0625 0.04296875
2 0.23671875 0.50234375 0.06484375 0.04296875
2 0.35078125 0.759375 0.0484375 0.04296875
2 0.49375 0.7765625 0.040625 0.06015625
2 0.48046875 0.6890625 0.0453125 0.03359375
2 0.4203125 0.790625 0.040625 0.0453125
2 0.17421875 0.6859375 0.06484375 0.04296875
1 0.59609375 0.21875 0.0171875 0.0359375