2 0.609375 0.68046875 0.07421875 0.0578125
2 0.8296875 0.91484375 0.084375 0.0578125
2 0.646875 0.3953125 0.04296875 0.02890625
2 0.53984375 0.41953125 0.0453125 0.06015625
2 0.50390625 0.34375 0.040625 0.03359375
2 0.6390625 0.28359375 0.06953125 0.05546875
1 0.196875 0.5421875 0.0796875 0.10078125
1 0.271875 0.51171875 0.0578125 0.06484375
1 0.30078125 0.65859375 0.053125 0.084375
1 0.4 0.2921875 0.0453125 0.06484375
1 0.3296875 0.44921875 0.0453125 0.053125
1 0.2546875 0.4671875 0.05078125 0.0671875
2 0.76328125 0.40625 0.0625 0.0453125
2 0.68515625 0.4640625 0.0484375 0.0453125
2 0.76796875 0.47109375 0.0484375 0.0453125
2 0.84765625 0.5 0.0484375 0.04296875
2 0.8078125 0.57421875 0.053125 0.0484375
2 0.93125 0.60234375 0.0765625 0.0484375
2 0.62734375 0.51953125 0.05546875 0.05078125
2 0.515625 0.59609375 0.06953125 0.06015625