1 0.62734375 0.2921875 0.02890625 0.05078125
1 0.6046875 0.4328125 0.0265625 0.06015625
1 0.6875 0.415625 0.0359375 0.03828125
1 0.6984375 0.453125 0.03359375 0.040625
1 0.67890625 0.50234375 0.02890625 0.05546875
2 0.2984375 0.23046875 0.03125 0.02890625
2 0.15859375 0.196875 0.02890625 0.02890625
2 0.43125 0.38203125 0.05546875 0.04296875
2 0.50703125 0.3890625 0.0359375 0.04296875
2 0.33984375 0.296875 0.03828125 0.03125
2 0.18515625 0.2515625 0.04296875 0.03125
2 0.16796875 0.3140625 0.0671875 0.040625
2 0.4078125 0.45546875 0.0625 0.04296875
2 0.08203125 0.4 0.0671875 0.05078125
2 0.23828125 0.4703125 0.0671875 0.05078125
2 0.32109375 0.7390625 0.053125 0.0484375
2 0.46015625 0.77421875 0.0484375 0.0625
2 0.4578125 0.68515625 0.05078125 0.040625
2 0.3859375 0.77890625 0.0453125 0.05078125
2 0.15390625 0.6453125 0.0671875 0.05078125
1 0.6296875 0.23203125 0.021875 0.0359375