2 0.8390625 0.3640625 0.0453125 0.0484375
2 0.77890625 0.8734375 0.071875 0.040625
2 0.7703125 0.61640625 0.071875 0.0484375
2 0.734375 0.5359375 0.07421875 0.0578125
2 0.47265625 0.59375 0.0671875 0.0578125
2 0.725 0.47109375 0.0671875 0.040625
2 0.69375 0.4375 0.053125 0.040625
2 0.73203125 0.3734375 0.05546875 0.0484375
2 0.58671875 0.33515625 0.0453125 0.040625
2 0.59375 0.446875 0.0453125 0.0453125
2 0.5734375 0.29453125 0.03828125 0.03828125
1 0.28984375 0.49765625 0.0484375 0.0625
1 0.2328125 0.57421875 0.0578125 0.07421875
1 0.35703125 0.47734375 0.0453125 0.05546875
1 0.4 0.29296875 0.03125 0.084375