2 0.78359375 0.8640625 0.10078125 0.053125
2 0.634375 0.57109375 0.05546875 0.053125
2 0.83515625 0.55078125 0.0453125 0.02421875
1 0.30859375 0.4328125 0.03125 0.071875
1 0.25703125 0.484375 0.03125 0.06484375
1 0.14765625 0.49765625 0.053125 0.084375
1 0.1203125 0.521875 0.0453125 0.09375
2 0.7515625 0.546875 0.06015625 0.05546875
2 0.81640625 0.6203125 0.0671875 0.0578125
2 0.7125 0.60703125 0.06953125 0.03828125
2 0.3609375 0.6140625 0.09140625 0.06015625
2 0.6578125 0.79453125 0.0796875 0.053125
2 0.80859375 0.790625 0.0765625 0.0484375
2 0.640625 0.525 0.06484375 0.05546875
2 0.4390625 0.48828125 0.0484375 0.0453125