2 0.17421875 0.33515625 0.04296875 0.0453125
2 0.18984375 0.8484375 0.06953125 0.0359375
2 0.2203125 0.5921875 0.06953125 0.04296875
2 0.26328125 0.515625 0.06953125 0.053125
2 0.51953125 0.59609375 0.06484375 0.053125
2 0.27890625 0.4515625 0.06484375 0.0359375
2 0.3125 0.4203125 0.05078125 0.03828125
2 0.2796875 0.3546875 0.053125 0.04296875
2 0.428125 0.328125 0.04296875 0.03828125
2 0.4109375 0.4390625 0.040625 0.04296875
2 0.44453125 0.28828125 0.0359375 0.0359375
1 0.71015625 0.515625 0.04296875 0.06015625
1 0.759375 0.59765625 0.053125 0.06953125
1 0.64453125 0.4890625 0.04296875 0.053125
1 0.61796875 0.303125 0.02421875 0.08203125