2 0.4796875 0.7046875 0.1421875 0.0484375
2 0.31484375 0.68359375 0.1203125 0.0625
2 0.53828125 0.60234375 0.13671875 0.06015625
2 0.84765625 0.7046875 0.09140625 0.06015625
2 0.78515625 0.5015625 0.08671875 0.0484375
2 0.15 0.4890625 0.09140625 0.03828125
2 0.1734375 0.415625 0.08671875 0.03828125
2 0.33046875 0.37109375 0.0984375 0.02890625
2 0.571875 0.44375 0.103125 0.03125
2 0.58046875 0.35078125 0.1109375 0.03828125
2 0.546875 0.30859375 0.07421875 0.0265625
2 0.2984375 0.29296875 0.08203125 0.01953125
2 0.26953125 0.228125 0.03125 0.0265625
2 0.34765625 0.225 0.053125 0.0265625
2 0.46484375 0.240625 0.084375 0.03359375