2 0.7078125 0.31953125 0.071875 0.0453125
2 0.4953125 0.50703125 0.08203125 0.04296875
2 0.57578125 0.44453125 0.07421875 0.0453125
2 0.4671875 0.38203125 0.06953125 0.0484375
2 0.23046875 0.415625 0.0359375 0.0453125
2 0.865625 0.36875 0.04296875 0.05546875
2 0.31015625 0.37734375 0.05546875 0.0359375
2 0.96875 0.41484375 0.0625 0.05546875
2 0.80078125 0.2921875 0.05546875 0.02421875
2 0.2828125 0.27890625 0.03828125 0.0484375
2 0.65234375 0.19375 0.0625 0.0359375
2 0.57421875 0.271875 0.071875 0.01953125
2 0.1234375 0.59609375 0.0671875 0.0453125
2 0.54921875 0.76171875 0.1515625 0.0484375
2 0.9328125 0.796875 0.10078125 0.053125