2 0.6359375 0.1921875 0.06484375 0.0671875
2 0.7859375 0.29296875 0.03359375 0.0453125
2 0.728125 0.225 0.0578125 0.0359375
2 0.71015625 0.28125 0.08203125 0.06015625
2 0.50859375 0.38828125 0.0453125 0.04296875
2 0.49765625 0.275 0.0484375 0.0484375
2 0.9421875 0.7046875 0.115625 0.08671875
2 0.178125 0.66484375 0.0578125 0.06015625
2 0.5640625 0.49375 0.09609375 0.06484375
2 0.2453125 0.4734375 0.03828125 0.04296875
2 0.540625 0.4265625 0.0890625 0.05078125
2 0.30546875 0.88359375 0.10546875 0.08203125
2 0.5609375 0.74765625 0.12734375 0.0765625
2 0.97109375 0.5171875 0.0578125 0.0625