2 0.47578125 0.7046875 0.1421875 0.05078125
2 0.3109375 0.68046875 0.1203125 0.06484375
2 0.5375 0.603125 0.13671875 0.0625
2 0.84375 0.71015625 0.09140625 0.0625
2 0.78515625 0.50625 0.08671875 0.0484375
2 0.15 0.4828125 0.09140625 0.03828125
2 0.17421875 0.41015625 0.08671875 0.03828125
2 0.3328125 0.36875 0.0984375 0.03125
2 0.5734375 0.44453125 0.103125 0.03359375
2 0.5828125 0.35234375 0.1109375 0.03828125
2 0.55078125 0.31015625 0.07421875 0.02890625
2 0.3015625 0.28984375 0.08203125 0.021875
2 0.27421875 0.225 0.03125 0.0265625
2 0.35234375 0.22265625 0.053125 0.0265625
2 0.4703125 0.240625 0.084375 0.03359375