2 0.521875 0.759375 0.12265625 0.03125
2 0.90625 0.7859375 0.11328125 0.06015625
2 0.1890625 0.8234375 0.1203125 0.06015625
2 0.12734375 0.61328125 0.09375 0.0890625
2 0.19921875 0.48203125 0.03828125 0.053125
2 0.53515625 0.50625 0.07421875 0.03125
2 0.9640625 0.61328125 0.0625 0.03828125
2 0.5796875 0.4390625 0.10078125 0.0359375
2 0.49140625 0.37890625 0.06015625 0.0265625
2 0.3328125 0.3765625 0.05078125 0.01171875
2 0.23046875 0.4078125 0.03125 0.04296875
2 0.9796875 0.41796875 0.040625 0.0265625
2 0.8390625 0.36328125 0.040625 0.03125
2 0.96171875 0.3765625 0.0625 0.02421875
2 0.72265625 0.32421875 0.06015625 0.0265625
2 0.80390625 0.296875 0.0671875 0.0265625
2 0.29296875 0.28359375 0.01953125 0.021875
2 0.31875 0.2296875 0.0171875 0.0046875