2 0.178125 0.6828125 0.1109375 0.1109375
2 0.23671875 0.4984375 0.1078125 0.084375
2 0.28984375 0.8734375 0.11328125 0.0765625
2 0.546875 0.74609375 0.134375 0.071875
2 0.93125 0.7125 0.1078125 0.06953125
2 0.96953125 0.521875 0.0609375 0.06875
2 0.5609375 0.4890625 0.11328125 0.05546875
2 0.5609375 0.421875 0.134375 0.071875
2 0.50625 0.37890625 0.07421875 0.03828125
2 0.3265625 0.40234375 0.05546875 0.0359375
2 0.71875 0.28359375 0.06953125 0.03125
2 0.853125 0.2921875 0.18515625 0.071875
2 0.90859375 0.3390625 0.125 0.0578125
2 0.64296875 0.1921875 0.05546875 0.040625
2 0.64453125 0.22265625 0.06953125 0.03359375
2 0.7390625 0.24296875 0.0578125 0.02890625