2 0.83984375 0.68359375 0.06015625 0.053125
2 0.60234375 0.615625 0.07421875 0.0484375
2 0.15625 0.334375 0.05546875 0.0625
2 0.50390625 0.57578125 0.06953125 0.0484375
2 0.94296875 0.41171875 0.1140625 0.0546875
2 0.64765625 0.49296875 0.10078125 0.06953125
2 0.2328125 0.39921875 0.06484375 0.06484375
2 0.8953125 0.65859375 0.06015625 0.0484375
2 0.5203125 0.75234375 0.0578125 0.05078125
2 0.75390625 0.7484375 0.0796875 0.04296875
2 0.84140625 0.2328125 0.1109375 0.06015625
2 0.44921875 0.24765625 0.12734375 0.0578125
2 0.41796875 0.625 0.0671875 0.04296875
2 0.35234375 0.52734375 0.07421875 0.04296875