2 0.459375 0.66796875 0.1203125 0.06484375
2 0.6 0.6734375 0.11328125 0.053125
2 0.62890625 0.58203125 0.09140625 0.0453125
2 0.39453125 0.55390625 0.125 0.03828125
2 0.28515625 0.47265625 0.06953125 0.03828125
2 0.071875 0.459375 0.071875 0.040625
2 0.040625 0.38828125 0.06953125 0.03125
2 0.1546875 0.34765625 0.06015625 0.0171875
2 0.4265625 0.41328125 0.10078125 0.053125
2 0.6109375 0.44453125 0.08671875 0.0359375
2 0.6734375 0.35546875 0.0578125 0.0359375
2 0.43515625 0.33984375 0.0796875 0.0796875
2 0.36796875 0.275 0.0765625 0.03359375
2 0.6265625 0.3015625 0.06484375 0.03828125