2 0.84609375 0.328125 0.0578125 0.05078125
2 0.60546875 0.38828125 0.07421875 0.0453125
2 0.15 0.65390625 0.053125 0.0625
2 0.50625 0.42421875 0.0671875 0.0453125
2 0.9421875 0.603125 0.115625 0.05078125
2 0.64765625 0.51171875 0.0984375 0.0671875
2 0.2296875 0.59140625 0.0625 0.06484375
2 0.9 0.35546875 0.0578125 0.0453125
2 0.52890625 0.2484375 0.05546875 0.0484375
2 0.76171875 0.259375 0.0765625 0.040625
2 0.83203125 0.77890625 0.1078125 0.05546875
2 0.44140625 0.75 0.125 0.053125
2 0.4234375 0.37265625 0.0671875 0.04296875
2 0.353125 0.4671875 0.071875 0.040625