2 0.3859375 0.540625 0.071875 0.05546875
2 0.90859375 0.59140625 0.071875 0.053125
2 0.7078125 0.55859375 0.0671875 0.053125
2 0.6359375 0.46171875 0.09375 0.071875
2 0.3859375 0.41328125 0.1203125 0.071875
2 0.4109375 0.3171875 0.11796875 0.07421875
2 0.57578125 0.3390625 0.115625 0.07421875
2 0.54296875 0.7703125 0.0671875 0.04296875
2 0.8265625 0.703125 0.071875 0.053125
2 0.5359375 0.6828125 0.06953125 0.04296875
2 0.540625 0.6390625 0.0671875 0.04296875
2 0.5578125 0.5984375 0.06953125 0.05546875