2 0.525 0.55625 0.06015625 0.0453125
2 0.70078125 0.46875 0.06015625 0.0484375
1 0.89765625 0.57578125 0.0578125 0.07421875
2 0.25234375 0.47109375 0.05546875 0.02890625
2 0.65625 0.5515625 0.071875 0.0453125
2 0.80390625 0.48671875 0.05546875 0.05546875
2 0.4796875 0.453125 0.0765625 0.0578125
2 0.2515625 0.4 0.0578125 0.05078125
2 0.6828125 0.42578125 0.0890625 0.0578125
2 0.5625 0.36640625 0.10546875 0.06484375
2 0.87890625 0.26171875 0.11328125 0.08203125
2 0.70703125 0.2546875 0.11796875 0.0765625
2 0.1734375 0.13671875 0.12265625 0.07421875