2 0.415625 0.7015625 0.07421875 0.0578125
2 0.63125 0.71015625 0.07421875 0.0578125
2 0.0171875 0.27890625 0.03359375 0.09140625
2 0.52734375 0.1359375 0.1296875 0.071875
2 0.2359375 0.71484375 0.07421875 0.0578125
2 0.47109375 0.728125 0.06484375 0.0484375
2 0.65390625 0.640625 0.071875 0.0578125
2 0.2921875 0.5046875 0.10546875 0.06484375
2 0.46171875 0.3484375 0.1203125 0.07421875
2 0.61171875 0.321875 0.0984375 0.0671875
2 0.5421875 0.43984375 0.10078125 0.071875
2 0.3375 0.5640625 0.07421875 0.0578125
2 0.13671875 0.61796875 0.06953125 0.0578125
2 0.5625 0.5640625 0.07421875 0.0578125
2 0.39765625 0.62109375 0.07421875 0.06015625
2 0.49609375 0.6421875 0.07421875 0.0578125