2 0.51171875 0.42890625 0.08203125 0.03359375
2 0.3609375 0.4625 0.05078125 0.0359375
2 0.4359375 0.74140625 0.14921875 0.0359375
2 0.3234375 0.85546875 0.0984375 0.0484375
2 0.2203125 0.56953125 0.06015625 0.06484375
2 0.15234375 0.6546875 0.04296875 0.02890625
2 0.23828125 0.484375 0.03828125 0.0484375
2 0.328125 0.27890625 0.0265625 0.0171875
2 0.3375 0.228125 0.021875 0.02421875
2 0.87109375 0.34765625 0.12265625 0.0671875
2 0.9390625 0.603125 0.1109375 0.06484375
2 0.8296875 0.76953125 0.12265625 0.040625
2 0.64921875 0.4984375 0.09609375 0.04296875
2 0.6046875 0.3890625 0.09609375 0.02421875
2 0.4234375 0.375 0.08203125 0.0265625
2 0.76328125 0.2875 0.0765625 0.0265625