2 0.75625 0.6203125 0.103125 0.0578125
2 0.61328125 0.65859375 0.08203125 0.03828125
2 0.51953125 0.70703125 0.040625 0.03359375
2 0.415625 0.7859375 0.16796875 0.0578125
2 0.23671875 0.71015625 0.22109375 0.0890625
2 0.37890625 0.64453125 0.08671875 0.0453125
2 0.18125 0.665625 0.09140625 0.0453125
2 0.3234375 0.59765625 0.115625 0.06015625
2 0.79921875 0.46171875 0.06953125 0.0359375
2 0.6984375 0.3578125 0.15859375 0.0890625
2 0.72109375 0.271875 0.115625 0.08671875
2 0.50234375 0.39921875 0.103125 0.0578125
2 0.31953125 0.4078125 0.11328125 0.0671875
2 0.4109375 0.5015625 0.1109375 0.06484375
2 0.0734375 0.5484375 0.08203125 0.06015625
2 0.49765625 0.19453125 0.115625 0.0671875