2 0.46171875 0.65390625 0.11796875 0.06015625
2 0.59609375 0.5953125 0.103125 0.0578125
2 0.9171875 0.6390625 0.09609375 0.0578125
2 0.8484375 0.47265625 0.06015625 0.02890625
2 0.66796875 0.44375 0.084375 0.03828125
2 0.540625 0.47734375 0.10078125 0.053125
2 0.1625 0.4859375 0.115625 0.0484375
2 0.2828125 0.6140625 0.09375 0.0359375
2 0.15234375 0.6921875 0.09609375 0.08203125
2 0.03359375 0.55625 0.0671875 0.06015625
2 0.103125 0.803125 0.1296875 0.0625
2 0.1421875 0.2953125 0.09609375 0.03125
2 0.3171875 0.3171875 0.103125 0.040625
2 0.54921875 0.3265625 0.06484375 0.03359375
2 0.7390625 0.40859375 0.26953125 0.0796875
2 0.5140625 0.2234375 0.165625 0.040625