2 0.37734375 0.959375 0.0890625 0.08125
2 0.45859375 0.7229166666666667 0.059375 0.13333333333333333
2 0.49140625 0.7635416666666667 0.0359375 0.10625
2 0.4515625 0.975 0.0625 0.05
2 0.33125 0.071875 0.190625 0.14375
2 0.44140625 0.5739583333333333 0.115625 0.12708333333333333
2 0.32109375 0.16145833333333334 0.1609375 0.19375
2 0.559375 0.134375 0.046875 0.08541666666666667
2 0.51484375 0.9645833333333333 0.0453125 0.07083333333333333
2 0.290625 0.66875 0.1140625 0.31666666666666665
2 0.56171875 0.509375 0.04375 0.04791666666666667
2 0.575 0.5895833333333333 0.034375 0.06666666666666667
2 0.578125 0.68125 0.03125 0.08333333333333333
2 0.58984375 0.7625 0.021875 0.06666666666666667