2 0.8796875 0.6625 0.13125 0.11875
2 0.6671875 0.5552083333333333 0.1 0.07916666666666666
2 0.69765625 0.5114583333333333 0.0796875 0.04791666666666667
2 0.9015625 0.5645833333333333 0.128125 0.08333333333333333
2 0.16015625 0.725 0.1453125 0.25416666666666665
2 0.55546875 0.578125 0.0953125 0.15416666666666667
2 0.24609375 0.7385416666666667 0.1453125 0.21458333333333332
2 0.22578125 0.42083333333333334 0.0640625 0.0625
2 0.8796875 0.48020833333333335 0.115625 0.06041666666666667
2 0.6265625 0.7791666666666667 0.2375 0.15208333333333332
2 0.50703125 0.41770833333333335 0.0359375 0.058333333333333334
2 0.5671875 0.4 0.05 0.04583333333333333
2 0.6359375 0.3958333333333333 0.0625 0.041666666666666664
2 0.696875 0.3802083333333333 0.05 0.029166666666666667