1 0.78359375 0.14895833333333333 0.028125 0.027083333333333334
1 0.75703125 0.08854166666666667 0.0359375 0.052083333333333336
1 0.7609375 0.12291666666666666 0.03125 0.05
1 0.8046875 0.08125 0.03125 0.03333333333333333
1 0.79375 0.046875 0.028125 0.027083333333333334
1 0.84375 0.16458333333333333 0.0171875 0.07083333333333333
1 0.7 0.06875 0.04375 0.020833333333333332
1 0.66875 0.053125 0.05 0.022916666666666665
1 0.66640625 0.115625 0.053125 0.027083333333333334
1 0.665625 0.15833333333333333 0.053125 0.029166666666666667
1 0.81171875 0.3333333333333333 0.03125 0.029166666666666667
1 0.75625 0.43333333333333335 0.0390625 0.029166666666666667
1 0.7671875 0.4666666666666667 0.034375 0.0375
1 0.7421875 0.3375 0.0390625 0.03333333333333333
1 0.7359375 0.28229166666666666 0.040625 0.03125
1 0.6921875 0.296875 0.040625 0.03125
1 0.68125 0.2604166666666667 0.046875 0.029166666666666667
1 0.6890625 0.22916666666666666 0.034375 0.025
1 0.67890625 0.19895833333333332 0.040625 0.027083333333333334
1 0.596875 0.0375 0.034375 0.04583333333333333
1 0.5796875 0.2791666666666667 0.05 0.025
1 0.5953125 0.31979166666666664 0.0296875 0.027083333333333334
1 0.5734375 0.44895833333333335 0.040625 0.022916666666666665
1 0.64921875 0.46145833333333336 0.040625 0.03958333333333333
1 0.7890625 0.634375 0.0390625 0.03125
1 0.7984375 0.59375 0.040625 0.020833333333333332
1 0.82734375 0.8541666666666666 0.0390625 0.04583333333333333
1 0.7453125 0.896875 0.0296875 0.03125
1 0.75078125 0.9260416666666667 0.03125 0.03958333333333333
1 0.6984375 0.8177083333333334 0.0375 0.027083333333333334
1 0.66953125 0.7354166666666667 0.04375 0.03333333333333333
1 0.69140625 0.703125 0.0296875 0.027083333333333334
1 0.6671875 0.6916666666666667 0.03125 0.04583333333333333
1 0.66953125 0.5885416666666666 0.053125 0.035416666666666666
1 0.653125 0.5572916666666666 0.0515625 0.03125
1 0.7109375 0.584375 0.0328125 0.035416666666666666
1 0.5921875 0.6635416666666667 0.040625 0.035416666666666666
1 0.478125 0.42083333333333334 0.0375 0.029166666666666667
1 0.46953125 0.14270833333333333 0.021875 0.06875
1 0.4859375 0.14166666666666666 0.021875 0.08333333333333333
1 0.47734375 0.004166666666666667 0.0484375 0.008333333333333333
1 0.425 0.058333333333333334 0.0375 0.029166666666666667
1 0.41796875 0.023958333333333335 0.034375 0.027083333333333334
1 0.4125 0.24375 0.0234375 0.0625
1 0.43203125 0.25729166666666664 0.025 0.06041666666666667
1 0.4578125 0.30416666666666664 0.0328125 0.0375
1 0.46953125 0.5385416666666667 0.0375 0.03125
1 0.41953125 0.5072916666666667 0.0359375 0.03958333333333333
1 0.44140625 0.6697916666666667 0.040625 0.027083333333333334
1 0.4453125 0.7041666666666667 0.0359375 0.029166666666666667
1 0.4828125 0.84375 0.04375 0.025
1 0.49140625 0.8125 0.03125 0.029166666666666667
1 0.54140625 0.8125 0.040625 0.025
1 0.44765625 0.91875 0.021875 0.06666666666666667
1 0.57265625 0.8729166666666667 0.046875 0.03333333333333333
1 0.57421875 0.896875 0.04375 0.03125
1 0.63046875 0.9572916666666667 0.021875 0.035416666666666666
1 0.5015625 0.99375 0.05 0.0125
1 0.65625 0.9916666666666667 0.040625 0.016666666666666666
1 0.6671875 0.9979166666666667 0.0375 0.004166666666666667
1 0.56875 0.9322916666666666 0.0328125 0.027083333333333334
1 0.26953125 0.8739583333333333 0.03125 0.03125
1 0.2671875 0.9083333333333333 0.04375 0.03333333333333333
1 0.17265625 0.859375 0.053125 0.03958333333333333
1 0.17421875 0.8270833333333333 0.040625 0.0375
1 0.3390625 0.7302083333333333 0.034375 0.03125
1 0.34375 0.6958333333333333 0.04375 0.03333333333333333
1 0.2 0.6479166666666667 0.040625 0.016666666666666666
1 0.19609375 0.4583333333333333 0.0484375 0.03333333333333333
1 0.1359375 0.615625 0.021875 0.022916666666666665
1 0.18046875 0.7104166666666667 0.0359375 0.016666666666666666
1 0.20390625 0.7083333333333334 0.025 0.0375
1 0.2484375 0.7708333333333334 0.04375 0.029166666666666667
1 0.2578125 0.725 0.040625 0.029166666666666667
1 0.3390625 0.49166666666666664 0.0453125 0.03333333333333333
1 0.27265625 0.3541666666666667 0.01875 0.07083333333333333
1 0.3109375 0.34375 0.0453125 0.029166666666666667
1 0.3390625 0.2760416666666667 0.01875 0.05625
1 0.32734375 0.15208333333333332 0.0453125 0.020833333333333332
1 0.325 0.19375 0.034375 0.029166666666666667
1 0.2015625 0.24583333333333332 0.046875 0.03333333333333333
1 0.20234375 0.13854166666666667 0.04375 0.035416666666666666
1 0.334375 0.990625 0.025 0.01875