1 0.23671875 0.121875 0.0203125 0.0375
1 0.19140625 0.15729166666666666 0.0390625 0.04791666666666667
1 0.2171875 0.15208333333333332 0.0375 0.041666666666666664
1 0.1859375 0.09375 0.025 0.040625
1 0.16015625 0.10833333333333334 0.0203125 0.0375
1 0.04296875 0.052083333333333336 0.0484375 0.021875
1 0.03984375 0.03333333333333333 0.0421875 0.01875
1 0.05 0.0125 0.034375 0.025
1 0.2484375 0.041666666666666664 0.053125 0.022916666666666665
1 0.06640625 0.18333333333333332 0.0203125 0.052083333333333336
1 0.1765625 0.23333333333333334 0.015625 0.059375
1 0.16484375 0.275 0.0171875 0.065625
1 0.21171875 0.278125 0.0203125 0.071875
1 0.24375 0.2791666666666667 0.021875 0.07083333333333333
1 0.08984375 0.3020833333333333 0.0234375 0.041666666666666664
1 0.0671875 0.30416666666666664 0.021875 0.034375
1 0.375 0.084375 0.021875 0.040625
1 0.45 0.15833333333333333 0.021875 0.052083333333333336
1 0.475 0.14375 0.028125 0.046875
1 0.378125 0.17708333333333334 0.025 0.052083333333333336
1 0.33671875 0.18541666666666667 0.0234375 0.05416666666666667
1 0.34765625 0.24375 0.0234375 0.053125
1 0.3203125 0.25833333333333336 0.021875 0.0625
1 0.296875 0.24791666666666667 0.01875 0.04583333333333333
1 0.27421875 0.26145833333333335 0.0203125 0.05416666666666667
1 0.153125 0.37083333333333335 0.034375 0.046875
1 0.334375 0.39375 0.01875 0.065625
1 0.36484375 0.3729166666666667 0.0203125 0.03958333333333333
1 0.46171875 0.40208333333333335 0.0171875 0.05416666666666667
1 0.47109375 0.30104166666666665 0.0296875 0.05416666666666667
1 0.60078125 0.11458333333333333 0.0234375 0.052083333333333336
1 0.5703125 0.10208333333333333 0.015625 0.05416666666666667
1 0.765625 0.06354166666666666 0.034375 0.052083333333333336
1 0.79765625 0.17291666666666666 0.0234375 0.03958333333333333
1 0.81953125 0.165625 0.0296875 0.040625
1 0.73828125 0.23541666666666666 0.0203125 0.05
1 0.6765625 0.27395833333333336 0.025 0.058333333333333334
1 0.65234375 0.24479166666666666 0.0203125 0.03958333333333333
1 0.64375 0.27708333333333335 0.034375 0.040625
1 0.56640625 0.27395833333333336 0.0265625 0.07083333333333333
1 0.54296875 0.29583333333333334 0.0234375 0.06875
1 0.56328125 0.21875 0.0265625 0.04375
1 0.62265625 0.3770833333333333 0.0265625 0.05416666666666667
1 0.440625 0.5291666666666667 0.021875 0.05
1 0.23203125 0.540625 0.0515625 0.028125
1 0.23125 0.51875 0.0625 0.028125
1 0.12265625 0.5302083333333333 0.0171875 0.06458333333333334
1 0.0984375 0.5239583333333333 0.015625 0.06041666666666667
1 0.16875 0.6 0.021875 0.05
1 0.14296875 0.609375 0.0203125 0.046875
1 0.3078125 0.6166666666666667 0.046875 0.03125
1 0.31796875 0.590625 0.0453125 0.034375
1 0.353125 0.55625 0.028125 0.04375
1 0.52890625 0.540625 0.0234375 0.05
1 0.50546875 0.6072916666666667 0.0296875 0.04791666666666667
1 0.62734375 0.578125 0.0203125 0.053125
1 0.653125 0.5729166666666666 0.021875 0.04791666666666667
1 0.7578125 0.5229166666666667 0.01875 0.058333333333333334
1 0.734375 0.5114583333333333 0.021875 0.041666666666666664
1 0.734375 0.44479166666666664 0.01875 0.05416666666666667
1 0.8140625 0.5697916666666667 0.05 0.029166666666666667
1 0.7796875 0.403125 0.025 0.0625
1 0.79765625 0.4010416666666667 0.0234375 0.058333333333333334
1 0.8921875 0.30520833333333336 0.0125 0.052083333333333336
1 0.84296875 0.3260416666666667 0.0265625 0.029166666666666667
1 0.8765625 0.4979166666666667 0.021875 0.065625
1 0.91875 0.48854166666666665 0.021875 0.035416666666666666
1 0.97578125 0.43333333333333335 0.0234375 0.05416666666666667
1 0.96953125 0.553125 0.0203125 0.05
1 0.9890625 0.6052083333333333 0.01875 0.058333333333333334
1 0.890625 0.6947916666666667 0.028125 0.041666666666666664
1 0.86875 0.2916666666666667 0.0125 0.05416666666666667
1 0.87890625 0.27708333333333335 0.0140625 0.05
1 0.903125 0.1875 0.025 0.053125
1 0.92734375 0.18958333333333333 0.0234375 0.04583333333333333
1 0.95234375 0.196875 0.0171875 0.046875
1 0.9265625 0.08541666666666667 0.015625 0.05416666666666667
1 0.94765625 0.084375 0.0203125 0.05
1 0.82421875 0.4083333333333333 0.0203125 0.04375
1 0.78046875 0.8072916666666666 0.0234375 0.041666666666666664
1 0.80625 0.8104166666666667 0.025 0.058333333333333334
1 0.89296875 0.9614583333333333 0.0203125 0.07083333333333333
1 0.76953125 0.9364583333333333 0.0296875 0.07083333333333333
1 0.7453125 0.934375 0.028125 0.053125
1 0.67265625 0.7145833333333333 0.0234375 0.046875
1 0.646875 0.7083333333333334 0.025 0.059375
1 0.6109375 0.9 0.0125 0.053125
1 0.46875 0.9052083333333333 0.025 0.06458333333333334
1 0.58671875 0.9854166666666667 0.0171875 0.029166666666666667
1 0.6578125 0.9260416666666667 0.0125 0.04791666666666667
1 0.65625 0.8947916666666667 0.028125 0.03333333333333333
1 0.703125 0.8354166666666667 0.021875 0.058333333333333334
1 0.66875 0.8229166666666666 0.021875 0.053125
1 0.49375 0.7145833333333333 0.025 0.06041666666666667
1 0.390625 0.803125 0.053125 0.025
1 0.3828125 0.7520833333333333 0.021875 0.06041666666666667
1 0.33203125 0.7145833333333333 0.0421875 0.025
1 0.2390625 0.7302083333333333 0.015625 0.06041666666666667
1 0.2703125 0.7333333333333333 0.021875 0.04583333333333333
1 0.309375 0.8979166666666667 0.025 0.0625
1 0.22890625 0.896875 0.0265625 0.059375
1 0.88671875 0.74375 0.0203125 0.03125
1 0.8828125 0.7208333333333333 0.04375 0.034375