2 0.6453125 0.415625 0.0625 0.08203125
2 0.634375 0.5203125 0.0453125 0.053125
2 0.69921875 0.6921875 0.07421875 0.09609375
2 0.65 0.8015625 0.11796875 0.103125
2 0.51796875 0.7875 0.06953125 0.103125
2 0.3125 0.32109375 0.05078125 0.05078125
2 0.30390625 0.41015625 0.0578125 0.0625
2 0.26953125 0.52421875 0.13203125 0.13203125
2 0.27265625 0.61171875 0.06015625 0.0890625
2 0.26796875 0.703125 0.11328125 0.08203125
2 0.38671875 0.75 0.06015625 0.09375
2 0.3328125 0.77890625 0.08203125 0.12265625