2 0.43515625 0.4791666666666667 0.1421875 0.058333333333333334
2 0.253125 0.6572916666666667 0.14375 0.05625
2 0.375 0.5541666666666667 0.14375 0.058333333333333334
2 0.42734375 0.6541666666666667 0.1171875 0.058333333333333334
2 0.43671875 0.7208333333333333 0.14375 0.058333333333333334
2 0.46171875 0.8625 0.1421875 0.058333333333333334
2 0.503125 0.31875 0.14375 0.058333333333333334
2 0.64375 0.5395833333333333 0.09375 0.0625
2 0.50859375 0.2375 0.1203125 0.0625
2 0.34140625 0.32708333333333334 0.16875 0.0875
2 0.1796875 0.45416666666666666 0.109375 0.09166666666666666
2 0.56796875 0.38645833333333335 0.1171875 0.06875