2 0.484375 0.5864583333333333 0.04375 0.18958333333333333
2 0.61796875 0.8291666666666667 0.0421875 0.190625
2 0.540625 0.6666666666666666 0.04375 0.190625
2 0.615625 0.596875 0.04375 0.15625
2 0.665625 0.584375 0.04375 0.190625
2 0.771875 0.5510416666666667 0.04375 0.18958333333333333
2 0.3640625 0.49583333333333335 0.04375 0.190625
2 0.5296875 0.30833333333333335 0.04609375 0.125
2 0.303125 0.48854166666666665 0.046875 0.16041666666666668
2 0.3703125 0.7114583333333333 0.065625 0.22604166666666667
2 0.465625 0.9270833333333334 0.06875 0.14583333333333334
2 0.41484375 0.409375 0.0515625 0.15625