2 0.56484375 0.5208333333333334 0.1421875 0.058333333333333334
2 0.746875 0.34270833333333334 0.14375 0.05625
2 0.625 0.44583333333333336 0.14375 0.058333333333333334
2 0.57265625 0.3458333333333333 0.1171875 0.058333333333333334
2 0.56328125 0.2791666666666667 0.14375 0.058333333333333334
2 0.53828125 0.1375 0.1421875 0.058333333333333334
2 0.496875 0.68125 0.14375 0.058333333333333334
2 0.35625 0.46041666666666664 0.09375 0.0625
2 0.49140625 0.7625 0.1203125 0.0625
2 0.65859375 0.6729166666666667 0.16875 0.0875
2 0.8203125 0.5458333333333333 0.109375 0.09166666666666666
2 0.43203125 0.6135416666666667 0.1171875 0.06875