2 0.3671875 0.35104166666666664 0.14375 0.05625
2 0.4546875 0.51875 0.14375 0.058333333333333334
2 0.19453125 0.47291666666666665 0.1390625 0.058333333333333334
2 0.3953125 0.5854166666666667 0.14375 0.058333333333333334
2 0.4609375 0.6791666666666667 0.125 0.07083333333333333
2 0.459375 0.759375 0.1421875 0.05625
2 0.49296875 0.9166666666666666 0.14375 0.058333333333333334
2 0.296875 0.70625 0.14375 0.058333333333333334
2 0.546875 0.27395833333333336 0.121875 0.04583333333333333
2 0.52578125 0.346875 0.109375 0.05625
2 0.6640625 0.575 0.10625 0.06666666666666667
2 0.59453125 0.4125 0.103125 0.05416666666666667