2 0.38828125 0.6770833333333334 0.0421875 0.190625
2 0.5140625 0.5604166666666667 0.04375 0.190625
2 0.4796875 0.9072916666666667 0.04375 0.18541666666666667
2 0.5640625 0.6395833333333333 0.04375 0.190625
2 0.634375 0.5520833333333334 0.053125 0.165625
2 0.69453125 0.5541666666666667 0.0421875 0.18958333333333333
2 0.8125 0.509375 0.04375 0.190625
2 0.6546875 0.7708333333333334 0.04375 0.190625
2 0.33046875 0.4375 0.034375 0.16354166666666667
2 0.38515625 0.465625 0.0421875 0.14583333333333334
2 0.55625 0.28125 0.05 0.14270833333333333
2 0.434375 0.37395833333333334 0.04140625 0.13645833333333332