1 0.13828125 0.3 0.05390625 0.34375
2 0.24609375 0.325 0.053125 0.09375
2 0.9046875 0.7041666666666667 0.07109375 0.140625
0 0.70390625 0.8395833333333333 0.10859375 0.215625
2 0.62734375 0.36354166666666665 0.03828125 0.08229166666666667
2 0.7390625 0.34375 0.0375 0.07916666666666666
2 0.578125 0.14895833333333333 0.0171875 0.042708333333333334
2 0.3359375 0.19375 0.04765625 0.05625
2 0.17578125 0.2916666666666667 0.021875 0.06979166666666667
2 0.6953125 0.15 0.02109375 0.035416666666666666
2 0.8890625 0.22708333333333333 0.01328125 0.03333333333333333