1 0.0859375 0.303125 0.06015625 0.3104166666666667
2 0.35546875 0.71875 0.08828125 0.11354166666666667
0 0.54765625 0.90625 0.14765625 0.18229166666666666
2 0.8296875 0.42916666666666664 0.05 0.06458333333333334
2 0.509375 0.22395833333333334 0.03046875 0.08645833333333333
2 0.37265625 0.15625 0.04296875 0.06875
2 0.5375 0.18333333333333332 0.0296875 0.053125
2 0.7734375 0.2708333333333333 0.0484375 0.06979166666666667
2 0.9484375 0.3927083333333333 0.02421875 0.06041666666666667
2 0.81796875 0.23020833333333332 0.02109375 0.036458333333333336
2 0.72890625 0.184375 0.02421875 0.029166666666666667
2 0.7640625 0.16041666666666668 0.0234375 0.04583333333333333
2 0.82421875 0.171875 0.02578125 0.03854166666666667
2 0.8640625 0.20208333333333334 0.0328125 0.05
1 0.6953125 0.08645833333333333 0.0265625 0.07291666666666667
1 0.7296875 0.08958333333333333 0.015625 0.07083333333333333