2 0.3359375 0.3072916666666667 0.084375 0.11666666666666667
0 0.1953125 0.5635416666666667 0.1375 0.19583333333333333
2 0.553125 0.9395833333333333 0.0484375 0.06666666666666667
2 0.70703125 0.5125 0.065625 0.041666666666666664
2 0.7578125 0.3302083333333333 0.0515625 0.058333333333333334
2 0.7375 0.55 0.040625 0.03958333333333333
2 0.671875 0.8645833333333334 0.053125 0.06458333333333334
2 0.70234375 0.9239583333333333 0.028125 0.029166666666666667
2 0.73671875 0.8052083333333333 0.021875 0.03333333333333333
2 0.7546875 0.8520833333333333 0.034375 0.03125
2 0.74609375 0.9322916666666666 0.028125 0.035416666666666666
2 0.7234375 0.98125 0.0375 0.0375
1 0.81015625 0.7604166666666666 0.0546875 0.035416666666666666
1 0.8078125 0.80625 0.053125 0.020833333333333332