2 0.6640625 0.6927083333333334 0.084375 0.11666666666666667
0 0.8046875 0.43645833333333334 0.1375 0.19583333333333333
2 0.446875 0.06041666666666667 0.0484375 0.06666666666666667
2 0.29296875 0.4875 0.065625 0.041666666666666664
2 0.2421875 0.6697916666666667 0.0515625 0.058333333333333334
2 0.2625 0.45 0.040625 0.03958333333333333
2 0.328125 0.13541666666666666 0.053125 0.06458333333333334
2 0.29765625 0.07604166666666666 0.028125 0.029166666666666667
2 0.26328125 0.19479166666666667 0.021875 0.03333333333333333
2 0.2453125 0.14791666666666667 0.034375 0.03125
2 0.25390625 0.06770833333333333 0.028125 0.03333333333333333
2 0.2765625 0.017708333333333333 0.0375 0.035416666666666666
1 0.18984375 0.23958333333333334 0.0546875 0.035416666666666666
1 0.1921875 0.19375 0.053125 0.020833333333333332