1 0.2140625 0.5208333333333334 0.178125 0.24166666666666667
1 0.2546875 0.9145833333333333 0.259375 0.1125
1 0.384375 0.975 0.165625 0.05
2 0.6046875 0.3458333333333333 0.059375 0.05625
2 0.33046875 0.5416666666666666 0.0546875 0.08125
2 0.66484375 0.603125 0.04375 0.03958333333333333
2 0.5640625 0.8354166666666667 0.034375 0.035416666666666666
2 0.6359375 0.8552083333333333 0.0375 0.03125
2 0.6390625 0.90625 0.03125 0.022916666666666665
2 0.615625 0.98125 0.03125 0.0375
2 0.74375 0.8197916666666667 0.028125 0.020833333333333332
2 0.73359375 0.8885416666666667 0.025 0.022916666666666665
2 0.69765625 0.9666666666666667 0.028125 0.05
1 0.77421875 0.9385416666666667 0.03125 0.027083333333333334
1 0.78984375 0.8416666666666667 0.0421875 0.025
1 0.7796875 0.7322916666666667 0.071875 0.025