1 0.515625 0.88125 0.18125 0.2375
1 0.8109375 0.8270833333333333 0.084375 0.3458333333333333
1 0.865625 0.6541666666666667 0.0546875 0.22083333333333333
2 0.384375 0.36041666666666666 0.0421875 0.07916666666666666
2 0.53125 0.7260416666666667 0.0609375 0.07291666666666667
2 0.57734375 0.28020833333333334 0.0296875 0.058333333333333334
2 0.7515625 0.41458333333333336 0.0265625 0.04583333333333333
2 0.76640625 0.31875 0.0234375 0.05
2 0.8046875 0.3145833333333333 0.0171875 0.041666666666666664
2 0.8609375 0.3458333333333333 0.028125 0.041666666666666664
2 0.73984375 0.175 0.015625 0.0375
2 0.79140625 0.18854166666666666 0.0171875 0.03333333333333333
2 0.85 0.23645833333333333 0.0375 0.0375
1 0.82890625 0.134375 0.01875 0.041666666666666664
1 0.75625 0.11354166666666667 0.01875 0.05625
1 0.67421875 0.12708333333333333 0.01875 0.09583333333333334