1 0.7859375 0.4791666666666667 0.178125 0.24166666666666667
1 0.7453125 0.08541666666666667 0.259375 0.1125
1 0.615625 0.023958333333333335 0.165625 0.04791666666666667
2 0.3953125 0.6541666666666667 0.059375 0.05625
2 0.66953125 0.4583333333333333 0.0546875 0.08125
2 0.33515625 0.396875 0.04375 0.03958333333333333
2 0.4359375 0.16458333333333333 0.034375 0.035416666666666666
2 0.3640625 0.14479166666666668 0.0375 0.03125
2 0.3609375 0.09375 0.03125 0.022916666666666665
2 0.384375 0.01875 0.03125 0.0375
2 0.25625 0.18020833333333333 0.028125 0.020833333333333332
2 0.26640625 0.11145833333333334 0.025 0.022916666666666665
2 0.30234375 0.03333333333333333 0.028125 0.05
1 0.22578125 0.06145833333333333 0.03125 0.025
1 0.21015625 0.15833333333333333 0.0421875 0.025
1 0.2203125 0.2677083333333333 0.071875 0.025