0 0.9421875 0.9375 0.10078125 0.125
0 0.24140625 0.2765625 0.0484375 0.0796875
0 0.28359375 0.19921875 0.06484375 0.07421875
0 0.10234375 0.12734375 0.04296875 0.0796875
0 0.05390625 0.1109375 0.0265625 0.0484375
0 0.46640625 0.08671875 0.040625 0.07421875
0 0.4953125 0.08984375 0.0265625 0.0671875
0 0.55546875 0.109375 0.02890625 0.0578125
0 0.5953125 0.11640625 0.021875 0.0484375
0 0.63359375 0.084375 0.0265625 0.05546875
0 0.6890625 0.03984375 0.01953125 0.0578125
0 0.78984375 0.07109375 0.03359375 0.0578125
0 0.8078125 0.10078125 0.02890625 0.03359375
0 0.79296875 0.13671875 0.03125 0.04296875
0 0.83515625 0.08046875 0.02890625 0.03828125
0 0.68515625 0.28125 0.06484375 0.11328125