0 0.18046875 0.78515625 0.0453125 0.0625
0 0.203125 0.71015625 0.0578125 0.084375
0 0.35703125 0.82109375 0.04296875 0.06484375
0 0.41328125 0.8421875 0.01171875 0.021875
0 0.49609375 0.7234375 0.0484375 0.06953125
0 0.584375 0.71640625 0.06484375 0.10078125
0 0.428125 0.91015625 0.021875 0.03359375
0 0.57421875 0.94453125 0.021875 0.03828125
0 0.52890625 0.9578125 0.03125 0.0359375
0 0.72578125 0.9796875 0.02421875 0.040625
0 0.6890625 0.984375 0.021875 0.03125
0 0.0171875 0.7921875 0.021875 0.03359375
0 0.00859375 0.78359375 0.0171875 0.0484375